-0.0437334654047625	-0.033907117348353	1
-0.04441914379828	-0.0341788698564452	1
-0.0442288942813853	-0.0341100708366306	1
-0.0143202721903271	0.00225896475602008	1
-0.0447990967486547	-0.0333365878086082	1
-0.0437653949430296	-0.0330123137627785	1
-0.0534809643945265	-0.0418636245886009	1
-0.0292007880216798	-0.0150155231709159	1
-0.0430160140623219	-0.0289711518134843	1
-0.0444785680050325	-0.0342207712522718	1
-0.0445365266028935	-0.0342927396242595	1
-0.045894250211546	-0.0507050393884814	1
-0.0384108307562524	-0.0592961442777504	1
-0.0470699438989755	-0.0480126549687002	1
-0.0482261664424091	-0.044042982051283	1
-0.0441135012343393	-0.0378583611560137	1
-0.0449519279676726	-0.0343983769943037	1
-0.0444101099630904	-0.034184134083107	1
-0.0434528003945856	-0.0337728222959955	1
-0.0440227003342343	-0.0340197793762508	1
-0.0446116248757734	-0.0342216682482129	1
-0.0446356835942694	-0.0344961591616105	1
-0.0447210484605629	-0.0338294491502448	1
-0.0431653079456545	-0.0340054859942192	1
0.00306450961999805	0.0141179302263498	1
-0.0382867229683671	-0.0268344005695877	1
-0.0446075994232644	-0.0342516075801574	1
-0.0447648741376744	-0.0343328482592805	1
-0.0455208133461486	-0.0505288537956887	1
-0.0369486178861734	-0.0719379004810394	1
-0.0193113591041568	-0.0954007823402425	1
-0.0160230380711822	-0.0994268636236478	1
-0.0295282371170442	-0.0833069123289345	1
-0.0412530072565343	-0.0652568473616316	1
-0.0442021471537323	-0.0341586788057367	1
0.0438885866234319	-0.000499800958486346	2
0.0437702663957239	-0.000630928603099481	2
0.0440835531987173	-0.000479535862400223	2
0.0267958719812208	0.0149306557786345	2
0.0336728879726048	0.0580156340271438	2
0.034666403865978	0.0413778247790289	2
0.0284573906772413	0.0332578332595837	2
0.0365069375641325	0.0606047708048621	2
0.0273092288718104	0.0425833620926363	2
0.0436115300264989	-0.000620080439296502	2
0.023471512262484	-0.140886560291078	2
0.0282394653245526	-0.152389563523971	2
0.0210038058751251	-0.14215758825393	2
0.0216702505586313	-0.139470594683346	2
0.0123982264956217	-0.127079911654937	2
0.0427430757578241	-0.00107287375291902	2
0.0440648777935199	-0.000432676403865985	2
0.0441270322867192	-0.00045231407802114	2
0.000160499907404154	0.00766325489683364	2
0.0144878866289524	0.0254705494494176	2
0.0157075919223798	0.0318253808843542	2
0.00566277228280568	0.0207177576405595	2
-0.0055611767927109	0.0106287540604092	2
-0.00424846210548063	0.012501584057692	2
0.0438316634232657	-0.000530258704540303	2
0.044687622109572	-0.000339312452232092	2
0.0662488265454902	-0.146303711699828	2
0.0524504988690947	-0.14932786297658	2
0.0325007837582645	-0.141256257185339	2
0.0243249320574426	-0.13494832327484	2
0.0209379508907517	-0.134715549716292	2
0.0135269462011141	-0.128897540923607	2
0.0447670863142511	-0.000112507029339456	2
0.0437210395661132	-0.000617061842784844	2
0.0423226550131152	-0.00127937888475989	2
0.0431723384693341	-0.000892645664700481	2
0.0434800289356068	-0.000744186763503009	2
0.0394290335639247	0.0151742516647926	2
0.0450103841476329	0.0326095164474243	2
0.0484345149402087	0.0144825294566909	2
0.0432757464892941	0.0567580233859824	2
0.0403222037183851	0.0466861491270156	2
0.0443052874847828	0.0214547185706107	2
0.0440044662546153	-0.000452388920701355	2
0.0439239068205326	-0.000491450831742343	2
0.0510737614820299	-0.108929041990672	2
0.0559556297363793	-0.149353437547067	2
0.0555839435839186	-0.162040421709558	2
0.0545968810428197	-0.178435849685752	2
0.0541024408246609	-0.184936655650055	2
0.0501707178651899	-0.181495951318533	2
0.0431799512719623	-0.000959686647288939	2
