5.242839455604553223e-02 8.469184488058090210e-02 1.000000000000000000e+00
5.242839455604553223e-02 8.469184488058090210e-02 1.000000000000000000e+00
1.088863983750343323e-01 9.081283211708068848e-02 1.000000000000000000e+00
1.088875308632850647e-01 9.087856858968734741e-02 1.000000000000000000e+00
1.001100754365324974e-03 4.970345646142959595e-02 1.000000000000000000e+00
1.669205958023667336e-04 4.562699422240257263e-02 1.000000000000000000e+00
-8.799154311418533325e-02 -5.551530718803405762e-01 1.000000000000000000e+00
9.128421545028686523e-02 -2.521302551031112671e-02 1.000000000000000000e+00
9.985998272895812988e-02 2.416789904236793518e-02 1.000000000000000000e+00
-7.710130512714385986e-02 -9.129161387681961060e-02 1.000000000000000000e+00
-7.710130512714385986e-02 -9.129161387681961060e-02 1.000000000000000000e+00
2.228936403989791870e-01 -2.831098996102809906e-02 1.000000000000000000e+00
2.228936702013015747e-01 -2.831077575683593750e-02 1.000000000000000000e+00
-3.928575664758682251e-02 -3.809861540794372559e-01 1.000000000000000000e+00
1.461540013551712036e-01 -5.036796927452087402e-01 1.000000000000000000e+00
1.536358445882797241e-01 -5.185312032699584961e-01 1.000000000000000000e+00
6.987811923027038574e-01 -7.078768014907836914e-01 1.000000000000000000e+00
-2.903987420722842216e-03 2.903987420722842216e-03 1.000000000000000000e+00
3.988451957702636719e-01 -3.988451957702636719e-01 1.000000000000000000e+00
5.365788191556930542e-02 -5.365788191556930542e-02 2.000000000000000000e+00
1.570225344039499760e-03 -1.570225344039499760e-03 2.000000000000000000e+00
1.570225344039499760e-03 -1.570225344039499760e-03 2.000000000000000000e+00
3.039692761376500130e-03 -3.039692761376500130e-03 2.000000000000000000e+00
3.039692761376500130e-03 -3.039692761376500130e-03 2.000000000000000000e+00
-3.406809642910957336e-03 3.406809642910957336e-03 2.000000000000000000e+00
-3.406809642910957336e-03 3.406809642910957336e-03 2.000000000000000000e+00
2.267958829179406166e-03 -2.267958829179406166e-03 2.000000000000000000e+00
-1.088937369786435738e-05 1.088937369786435738e-05 2.000000000000000000e+00
7.233825745061039925e-04 -7.233825745061039925e-04 2.000000000000000000e+00
2.919456164818257093e-06 -2.919456164818257093e-06 2.000000000000000000e+00
7.482493841419926681e-17 -4.755914636543035162e-17 2.000000000000000000e+00
-6.665844892425924154e-17 6.925999812518751782e-17 2.000000000000000000e+00
-6.665844892425924154e-17 6.925999812518751782e-17 2.000000000000000000e+00
8.451152117221573997e-17 -9.400355105015974102e-17 2.000000000000000000e+00
8.451152117221573997e-17 -9.400355105015974102e-17 2.000000000000000000e+00
7.030721539812455128e-17 -2.851760417441481451e-17 2.000000000000000000e+00
-1.212398541100911408e-17 1.999968700123163544e-17 2.000000000000000000e+00
-1.212398541100911408e-17 1.999968700123163544e-17 2.000000000000000000e+00
1.661426505590115780e-17 -2.853540840991940588e-17 2.000000000000000000e+00
1.661426505590115780e-17 -2.853540840991940588e-17 2.000000000000000000e+00
-2.491695810550416461e-17 2.131595800329134200e-17 2.000000000000000000e+00
7.736899029074898213e-18 -2.679824640549679246e-17 2.000000000000000000e+00
7.736899029074898213e-18 -2.679824640549679246e-17 2.000000000000000000e+00
2.226008375648589162e-18 8.049409829051386882e-19 3.000000000000000000e+00
-4.210429968004634785e-18 -4.321903226176057199e-17 3.000000000000000000e+00
5.390642477201286296e-19 -9.000934402632493629e-18 3.000000000000000000e+00
-9.338515496011816030e-19 6.558981098217953488e-17 3.000000000000000000e+00
-1.860240017221968367e-19 -1.124023391636358484e-17 3.000000000000000000e+00
-3.200521797717404800e-19 2.393246428405580213e-17 3.000000000000000000e+00
-3.200521797717404800e-19 2.393246428405580213e-17 3.000000000000000000e+00
-5.203713100449256028e-20 -5.402706348088458731e-17 3.000000000000000000e+00
3.540665703429569619e-19 -8.376764591915292771e-18 3.000000000000000000e+00
3.540665703429569619e-19 -8.376764591915292771e-18 3.000000000000000000e+00
9.235113783539624805e-19 -3.758719870379227220e-18 3.000000000000000000e+00
-2.145667864118311077e-19 2.595378268122508183e-17 3.000000000000000000e+00
-2.145667864118311077e-19 2.595378268122508183e-17 3.000000000000000000e+00
-1.710015746176213011e-19 2.370075610522867312e-17 3.000000000000000000e+00
-1.710015746176213011e-19 2.370075610522867312e-17 3.000000000000000000e+00
8.132645104371734037e-21 -5.095905058892540767e-17 3.000000000000000000e+00
8.132645104371734037e-21 -5.095905058892540767e-17 3.000000000000000000e+00
8.138760505570301123e-22 8.732700409496860580e-18 3.000000000000000000e+00
3.078575600640569675e-21 -1.817036053295836368e-17 3.000000000000000000e+00
-6.697082086917191334e-30 -2.938934335220484868e-17 3.000000000000000000e+00
-1.641190417985293479e-30 3.307025075595151887e-17 3.000000000000000000e+00
-1.182666935232360909e-30 -3.646622421717572293e-18 3.000000000000000000e+00
-1.182666935232360909e-30 -3.646622421717572293e-18 3.000000000000000000e+00
9.921702703991197583e-31 2.815096732804380132e-19 3.000000000000000000e+00
-1.417594465340242554e-30 -9.974755939817696944e-18 3.000000000000000000e+00
2.162257347207624744e-30 1.855188104688619663e-17 3.000000000000000000e+00
2.162257347207624744e-30 1.855188104688619663e-17 3.000000000000000000e+00
-2.295759980362151153e-31 2.875725494148367769e-17 3.000000000000000000e+00
-2.295759980362151153e-31 2.875725494148367769e-17 3.000000000000000000e+00
-1.070894631706457405e-30 -2.625998509165751140e-17 3.000000000000000000e+00
-2.825756999108357237e-31 -1.650720637794086964e-17 3.000000000000000000e+00
-4.011608630655739921e-31 -1.409581111058750847e-17 3.000000000000000000e+00
3.015803637684329584e-31 2.292464727805589448e-17 3.000000000000000000e+00
1.073611463637436647e-32 -1.309500942336266305e-17 3.000000000000000000e+00
-4.367264642188600837e-36 -1.711936966206686330e-17 3.000000000000000000e+00
5.866344592315232183e-36 1.475063375326408688e-17 3.000000000000000000e+00
7.206056504810808415e-37 8.890587681737307184e-18 3.000000000000000000e+00
7.206056504810808415e-37 8.890587681737307184e-18 3.000000000000000000e+00
-3.233051781818957847e-36 -1.514582921707864648e-17 3.000000000000000000e+00
4.315768963915227866e-36 1.729816971455387555e-17 3.000000000000000000e+00
4.315768963915227866e-36 1.729816971455387555e-17 3.000000000000000000e+00
-6.113447366278278364e-36 -4.284484222242118396e-17 3.000000000000000000e+00
-2.467002537817658059e-37 -4.810417567104154155e-18 3.000000000000000000e+00
-5.055689798537705977e-37 -1.186027857736598375e-17 3.000000000000000000e+00
-8.373759636171449940e-37 -1.235903870823340753e-17 3.000000000000000000e+00
-8.373759636171449940e-37 -1.235903870823340753e-17 3.000000000000000000e+00
-4.290005519918842660e-37 -1.709414727082889638e-17 3.000000000000000000e+00
-1.780439718338028315e-37 -9.168316881124436438e-18 3.000000000000000000e+00
1.561338295650057217e-37 9.015657390355324969e-18 3.000000000000000000e+00
