8.519208990037441254e-03 -8.857517503201961517e-03 1.000000000000000000e+00
1.527536809444427490e-01 -4.572521895170211792e-02 1.000000000000000000e+00
-1.343014533631503582e-03 2.746108174324035645e-02 1.000000000000000000e+00
-1.343014533631503582e-03 2.746108174324035645e-02 1.000000000000000000e+00
-6.404844671487808228e-02 1.216344162821769714e-01 1.000000000000000000e+00
-1.058312356472015381e-01 1.836569309234619141e-01 1.000000000000000000e+00
-1.119419708847999573e-01 1.916296184062957764e-01 1.000000000000000000e+00
2.341958433389663696e-01 3.243691474199295044e-02 1.000000000000000000e+00
1.931968778371810913e-01 -5.701392889022827148e-02 1.000000000000000000e+00
-1.156196221709251404e-01 -5.059836059808731079e-02 1.000000000000000000e+00
-1.156196221709251404e-01 -5.059836432337760925e-02 1.000000000000000000e+00
2.347573339939117432e-01 4.148269817233085632e-02 1.000000000000000000e+00
1.324503310024738312e-02 -6.501518934965133667e-02 1.000000000000000000e+00
1.324503682553768158e-02 -6.501518934965133667e-02 1.000000000000000000e+00
3.985202908515930176e-01 9.547336958348751068e-03 1.000000000000000000e+00
1.457380056381225586e-01 -1.334735751152038574e-01 1.000000000000000000e+00
1.457380056381225586e-01 -1.334735751152038574e-01 1.000000000000000000e+00
2.855012891814112663e-03 1.740747690200805664e-01 1.000000000000000000e+00
2.855012891814112663e-03 1.740747690200805664e-01 1.000000000000000000e+00
-1.752114742994308472e-01 -1.242628321051597595e-02 1.000000000000000000e+00
8.682241290807723999e-02 -2.596867084503173828e-01 1.000000000000000000e+00
-1.575565636157989502e-01 -1.641815900802612305e-02 1.000000000000000000e+00
-1.575565636157989502e-01 -1.641815900802612305e-02 1.000000000000000000e+00
1.813446134328842163e-01 -1.873609982430934906e-02 1.000000000000000000e+00
1.813446134328842163e-01 -1.873609982430934906e-02 1.000000000000000000e+00
2.407894842326641083e-02 5.942595377564430237e-02 1.000000000000000000e+00
2.407894842326641083e-02 5.942595377564430237e-02 1.000000000000000000e+00
-5.226579308509826660e-02 4.894920811057090759e-02 1.000000000000000000e+00
-5.226579308509826660e-02 4.894920811057090759e-02 1.000000000000000000e+00
-9.756492078304290771e-02 3.551724832504987717e-03 1.000000000000000000e+00
-2.423933148384094238e-01 1.126461699604988098e-01 1.000000000000000000e+00
-2.423933148384094238e-01 1.126461699604988098e-01 1.000000000000000000e+00
-1.572087854146957397e-01 -8.938373625278472900e-02 1.000000000000000000e+00
-1.572087854146957397e-01 -8.938373625278472900e-02 1.000000000000000000e+00
1.344376206398010254e-01 -7.459451258182525635e-02 1.000000000000000000e+00
1.344376206398010254e-01 -7.459451258182525635e-02 1.000000000000000000e+00
4.391618072986602783e-02 5.068555846810340881e-02 1.000000000000000000e+00
4.391618072986602783e-02 5.068555846810340881e-02 1.000000000000000000e+00
8.454972505569458008e-02 9.243507683277130127e-02 1.000000000000000000e+00
8.454972505569458008e-02 9.243507683277130127e-02 1.000000000000000000e+00
-5.163126811385154724e-02 -5.992288142442703247e-02 1.000000000000000000e+00
-5.163126811385154724e-02 -5.992288142442703247e-02 1.000000000000000000e+00
4.485062137246131897e-02 -5.784662440419197083e-02 1.000000000000000000e+00
-5.673722177743911743e-02 -4.279091954231262207e-02 1.000000000000000000e+00
-5.673722177743911743e-02 -4.279091954231262207e-02 1.000000000000000000e+00
8.451065421104431152e-02 3.856269642710685730e-02 1.000000000000000000e+00
8.451065421104431152e-02 3.856269642710685730e-02 1.000000000000000000e+00
6.705345213413238525e-02 1.457737833261489868e-01 1.000000000000000000e+00
7.802950590848922729e-02 -1.783936284482479095e-02 1.000000000000000000e+00
7.802950590848922729e-02 -1.783936284482479095e-02 1.000000000000000000e+00
-9.942277334630489349e-03 -4.798971489071846008e-02 1.000000000000000000e+00
-9.942277334630489349e-03 -4.798971489071846008e-02 1.000000000000000000e+00
2.243928425014019012e-02 1.260878741741180420e-01 1.000000000000000000e+00
2.243928425014019012e-02 1.260878741741180420e-01 1.000000000000000000e+00
-7.740735262632369995e-02 -8.118164539337158203e-02 2.000000000000000000e+00
-7.740735262632369995e-02 -8.118164539337158203e-02 2.000000000000000000e+00
4.592197947204113007e-03 -1.243942081928253174e-01 2.000000000000000000e+00
4.592197947204113007e-03 -1.243942081928253174e-01 2.000000000000000000e+00
8.725136518478393555e-02 7.804445177316665649e-02 2.000000000000000000e+00
8.725136518478393555e-02 7.804445177316665649e-02 2.000000000000000000e+00
-1.019853353500366211e-01 1.858094185590744019e-01 2.000000000000000000e+00
-5.375229567289352417e-02 -3.415353223681449890e-02 2.000000000000000000e+00
7.332088891416788101e-03 -2.134968340396881104e-01 2.000000000000000000e+00
7.332088891416788101e-03 -2.134968340396881104e-01 2.000000000000000000e+00
4.812574759125709534e-02 -4.842064343392848969e-03 2.000000000000000000e+00
4.812574759125709534e-02 -4.842064343392848969e-03 2.000000000000000000e+00
9.091088920831680298e-02 -1.653486117720603943e-02 2.000000000000000000e+00
9.091088920831680298e-02 -1.653486117720603943e-02 2.000000000000000000e+00
5.505777150392532349e-02 -1.199519112706184387e-01 2.000000000000000000e+00
5.505777150392532349e-02 -1.199519112706184387e-01 2.000000000000000000e+00
-2.614772692322731018e-02 -1.841659471392631531e-02 2.000000000000000000e+00
-2.614772692322731018e-02 -1.841659471392631531e-02 2.000000000000000000e+00
-3.440557792782783508e-02 -5.678538233041763306e-02 2.000000000000000000e+00
-3.440557792782783508e-02 -5.678538233041763306e-02 2.000000000000000000e+00
8.262453973293304443e-02 -1.714568734169006348e-01 2.000000000000000000e+00
3.782812133431434631e-02 -4.083177074790000916e-02 2.000000000000000000e+00
3.782812133431434631e-02 -4.083177074790000916e-02 2.000000000000000000e+00
-1.901672407984733582e-02 7.251717895269393921e-02 3.000000000000000000e+00
-1.901672407984733582e-02 7.251717895269393921e-02 3.000000000000000000e+00
-3.140944754704833031e-04 7.526274770498275757e-02 3.000000000000000000e+00
-3.140944754704833031e-04 7.526274770498275757e-02 3.000000000000000000e+00
1.172559186816215515e-01 -2.855660393834114075e-02 3.000000000000000000e+00
-2.140998654067516327e-02 -6.876333802938461304e-02 3.000000000000000000e+00
-2.140998654067516327e-02 -6.876333802938461304e-02 3.000000000000000000e+00
-1.164609715342521667e-01 5.065968260169029236e-02 3.000000000000000000e+00
-1.164609715342521667e-01 5.065968260169029236e-02 3.000000000000000000e+00
-1.248671207576990128e-03 -7.359288632869720459e-02 3.000000000000000000e+00
2.869589999318122864e-02 3.444613516330718994e-02 3.000000000000000000e+00
2.869589999318122864e-02 3.444613516330718994e-02 3.000000000000000000e+00
7.647539675235748291e-02 9.102127701044082642e-02 3.000000000000000000e+00
7.856452465057373047e-02 8.611541986465454102e-02 3.000000000000000000e+00
7.856452465057373047e-02 8.611541986465454102e-02 3.000000000000000000e+00
3.301171585917472839e-02 1.297130901366472244e-02 3.000000000000000000e+00
7.697994820773601532e-03 3.024167614057660103e-03 3.000000000000000000e+00
-8.632019744254648685e-04 -3.392588987480849028e-04 3.000000000000000000e+00
-8.632019744254648685e-04 -3.392588987480849028e-04 3.000000000000000000e+00
5.539463018067181110e-04 2.166364138247445226e-04 3.000000000000000000e+00
-2.852540637832134962e-04 -1.120200686273165047e-04 3.000000000000000000e+00
4.263110458850860596e-04 1.680500572547316551e-04 3.000000000000000000e+00
4.263110458850860596e-04 1.680500572547316551e-04 3.000000000000000000e+00
5.089241312816739082e-04 2.007348666666075587e-04 3.000000000000000000e+00
-1.353802159428596497e-03 -5.324370577000081539e-04 3.000000000000000000e+00
-1.353802159428596497e-03 -5.324370577000081539e-04 3.000000000000000000e+00
-5.775886820629239082e-04 -2.274040016345679760e-04 3.000000000000000000e+00
4.563391557894647121e-04 1.796044234652072191e-04 3.000000000000000000e+00
4.563391557894647121e-04 1.796044234652072191e-04 3.000000000000000000e+00
-1.332758711214410141e-05 -5.419159606390167028e-06 3.000000000000000000e+00
-1.332758711214410141e-05 -5.419159606390167028e-06 3.000000000000000000e+00
2.765262615866959095e-04 1.090770238079130650e-04 3.000000000000000000e+00
2.765262615866959095e-04 1.090770238079130650e-04 3.000000000000000000e+00
2.699001342989504337e-04 1.063234522007405758e-04 3.000000000000000000e+00
2.699001342989504337e-04 1.063234522007405758e-04 3.000000000000000000e+00
2.123360900441184640e-05 8.467203770123887807e-06 3.000000000000000000e+00
2.123360900441184640e-05 8.467203770123887807e-06 3.000000000000000000e+00
4.003883223049342632e-04 1.576066715642809868e-04 3.000000000000000000e+00
2.527943579480051994e-04 9.954527195077389479e-05 3.000000000000000000e+00
2.527943579480051994e-04 9.954527195077389479e-05 3.000000000000000000e+00
-2.067204768536612391e-04 -8.138776320265606046e-05 3.000000000000000000e+00
4.020387859782204032e-05 1.583561970619484782e-05 3.000000000000000000e+00
4.020387859782204032e-05 1.583561970619484782e-05 3.000000000000000000e+00
-1.255853130714967847e-04 -4.941005317959934473e-05 3.000000000000000000e+00
-1.216269720316631719e-05 -4.789207650901516899e-06 3.000000000000000000e+00
-5.637135836877860129e-05 -2.216414759459439665e-05 3.000000000000000000e+00
-7.139029912650585175e-05 -2.812608363456092775e-05 3.000000000000000000e+00
-7.139029912650585175e-05 -2.812608363456092775e-05 3.000000000000000000e+00
-2.939622572739608586e-05 -1.156834423454711214e-05 3.000000000000000000e+00
-2.939622572739608586e-05 -1.156834423454711214e-05 3.000000000000000000e+00
-2.081240563711617142e-05 -8.208254257624503225e-06 3.000000000000000000e+00
-2.081240563711617142e-05 -8.208254257624503225e-06 3.000000000000000000e+00
4.547693242784589529e-05 1.790039095794782043e-05 3.000000000000000000e+00
-3.448870131705916720e-07 -1.252040391364062089e-07 3.000000000000000000e+00
-3.448870131705916720e-07 -1.252040391364062089e-07 4.000000000000000000e+00
-8.974616321211215109e-06 -3.533330527716316283e-06 4.000000000000000000e+00
-8.974616321211215109e-06 -3.533330527716316283e-06 4.000000000000000000e+00
1.116162093239836395e-05 4.392890332383103669e-06 4.000000000000000000e+00
1.116162093239836395e-05 4.392890332383103669e-06 4.000000000000000000e+00
-1.220926333189709112e-05 -4.808459834748646244e-06 4.000000000000000000e+00
-1.245182102138642222e-05 -4.904532488581025973e-06 4.000000000000000000e+00
1.129061547544552013e-05 4.448057097761193290e-06 4.000000000000000000e+00
1.129061547544552013e-05 4.448057097761193290e-06 4.000000000000000000e+00
2.350633394598844461e-07 8.327835843147113337e-08 4.000000000000000000e+00
3.912874035449931398e-06 1.530760528112296015e-06 4.000000000000000000e+00
3.912874035449931398e-06 1.530760528112296015e-06 4.000000000000000000e+00
-1.222974333359161392e-05 -4.823714789381483570e-06 4.000000000000000000e+00
-2.009486934184678830e-06 -7.915295441307534929e-07 4.000000000000000000e+00
-2.009486934184678830e-06 -7.915295441307534929e-07 4.000000000000000000e+00
-8.039890417421702296e-06 -3.165325324516743422e-06 4.000000000000000000e+00
-5.057783255324466154e-06 -1.988068333957926370e-06 4.000000000000000000e+00
-5.057783255324466154e-06 -1.988068333957926370e-06 4.000000000000000000e+00
-8.347422408405691385e-06 -3.281732460891362280e-06 4.000000000000000000e+00
-8.347422408405691385e-06 -3.281732460891362280e-06 4.000000000000000000e+00
1.978698264792910777e-06 7.834954089958046097e-07 4.000000000000000000e+00
-4.745890009871800430e-07 -1.873489310355580528e-07 4.000000000000000000e+00
-4.745890009871800430e-07 -1.873489310355580528e-07 4.000000000000000000e+00
-2.157487142540048808e-05 -8.491624612361192703e-06 4.000000000000000000e+00
-2.157487142540048808e-05 -8.491624612361192703e-06 4.000000000000000000e+00
1.776524550223257393e-05 6.995795956754591316e-06 4.000000000000000000e+00
4.697856638813391328e-06 1.850091393862385303e-06 4.000000000000000000e+00
4.697856638813391328e-06 1.850091393862385303e-06 4.000000000000000000e+00
4.604669811669737101e-06 1.814969209590344690e-06 4.000000000000000000e+00
5.335224159352947026e-06 2.102344069498940371e-06 4.000000000000000000e+00
5.621239779429743066e-06 2.209257672802777961e-06 4.000000000000000000e+00
2.209832928201649338e-05 8.692844858160242438e-06 4.000000000000000000e+00
-2.238697743450757116e-05 -8.805552170088049024e-06 4.000000000000000000e+00
2.364821193623356521e-05 9.301089448854327202e-06 4.000000000000000000e+00
-1.986995084735099226e-05 -7.819333404768258333e-06 4.000000000000000000e+00
-1.779706326487939805e-05 -6.999865945545025170e-06 4.000000000000000000e+00
-1.779706326487939805e-05 -6.999865945545025170e-06 4.000000000000000000e+00
-2.596634840301703662e-05 -1.021711250359658152e-05 4.000000000000000000e+00
-1.130105010815896094e-05 -4.441523287823656574e-06 4.000000000000000000e+00
-2.946872882603202015e-05 -1.159818657470168546e-05 4.000000000000000000e+00
1.054324366123182699e-05 4.154210728302132338e-06 4.000000000000000000e+00
-6.281237801886163652e-06 -2.476819190633250400e-06 4.000000000000000000e+00
-1.651835987104277592e-06 -6.512994445984077174e-07 4.000000000000000000e+00
-3.164079089401639067e-06 -1.242922962774173357e-06 4.000000000000000000e+00
-3.164079089401639067e-06 -1.242922962774173357e-06 4.000000000000000000e+00
-2.278452029713662341e-06 -8.958868420450016856e-07 4.000000000000000000e+00
-1.746823045323253609e-06 -6.862347277092339937e-07 4.000000000000000000e+00
1.684753556219220627e-06 6.621451689170498867e-07 4.000000000000000000e+00
2.851861292117182293e-18 7.265235680713486515e-18 4.000000000000000000e+00
4.165149274092869497e-18 6.961405624277859026e-18 4.000000000000000000e+00
