-1.753057241439819336e-01 7.388524711132049561e-02 2.320516705513000488e-01 -4.845099523663520813e-02 1.000000000000000000e+00
1.145102381706237793e-01 4.791608080267906189e-02 -3.141757473349571228e-02 -3.336970508098602295e-02 1.000000000000000000e+00
5.982065922580659389e-04 2.063657045364379883e-01 -2.966656684875488281e-01 -2.332527488470077515e-01 1.000000000000000000e+00
9.737616777420043945e-02 3.842981159687042236e-02 -3.842433393001556396e-01 -6.795533001422882080e-02 1.000000000000000000e+00
-1.457925289869308472e-01 5.009555444121360779e-02 1.190362647175788879e-01 -3.215293108951300383e-04 1.000000000000000000e+00
-1.457925289869308472e-01 5.009555444121360779e-02 1.190362647175788879e-01 -3.215293108951300383e-04 1.000000000000000000e+00
-1.469270288944244385e-01 -1.249283999204635620e-01 1.135693639516830444e-01 1.275724023580551147e-01 1.000000000000000000e+00
-1.469270288944244385e-01 -1.249283999204635620e-01 1.135693639516830444e-01 1.275724023580551147e-01 1.000000000000000000e+00
-3.785284757614135742e-01 5.972136557102203369e-02 -1.746367812156677246e-01 -4.132837802171707153e-02 1.000000000000000000e+00
-3.785284757614135742e-01 5.972136557102203369e-02 -1.746367812156677246e-01 -4.132837802171707153e-02 1.000000000000000000e+00
5.560614168643951416e-03 4.592194780707359314e-02 -1.386544108390808105e-01 -6.113721802830696106e-02 1.000000000000000000e+00
-1.290519088506698608e-01 1.869195103645324707e-01 -6.545671224594116211e-01 -1.742973625659942627e-01 1.000000000000000000e+00
-1.169963181018829346e-01 -1.418193243443965912e-02 2.016633152961730957e-01 -4.401179403066635132e-02 1.000000000000000000e+00
-1.169963181018829346e-01 -1.418193243443965912e-02 2.016633152961730957e-01 -4.401179403066635132e-02 1.000000000000000000e+00
-1.210655048489570618e-01 -6.774146109819412231e-02 -2.015650570392608643e-01 1.108970567584037781e-01 1.000000000000000000e+00
-6.407147645950317383e-02 2.919911965727806091e-02 1.839415282011032104e-01 -1.206813827157020569e-01 1.000000000000000000e+00
-6.407147645950317383e-02 2.919911965727806091e-02 1.839415282011032104e-01 -1.206813827157020569e-01 1.000000000000000000e+00
-1.156485304236412048e-01 6.527079641819000244e-02 3.704214096069335938e-01 -3.395117521286010742e-01 1.000000000000000000e+00
1.795333325862884521e-01 -4.647604376077651978e-02 -2.036924511194229126e-01 -1.128071472048759460e-01 1.000000000000000000e+00
1.795333325862884521e-01 -4.647604376077651978e-02 -2.036924511194229126e-01 -1.128071472048759460e-01 1.000000000000000000e+00
5.169938877224922180e-02 -7.176963239908218384e-02 -4.867907464504241943e-01 -2.475771456956863403e-01 1.000000000000000000e+00
-5.752419307827949524e-02 -2.361133880913257599e-02 -4.014156758785247803e-01 -7.616768777370452881e-02 1.000000000000000000e+00
-5.752419307827949524e-02 -2.361133880913257599e-02 -4.014156758785247803e-01 -7.616768777370452881e-02 1.000000000000000000e+00
1.671710014343261719e-01 -8.370429277420043945e-02 -2.657521069049835205e-01 -2.875247299671173096e-01 1.000000000000000000e+00
1.671710014343261719e-01 -8.370429277420043945e-02 -2.657521069049835205e-01 -2.875247299671173096e-01 1.000000000000000000e+00
-1.616735197603702545e-02 -1.713202744722366333e-01 9.502671658992767334e-02 -1.818132549524307251e-01 1.000000000000000000e+00
-1.720380783081054688e-02 9.766816347837448120e-02 4.682093262672424316e-01 2.125475928187370300e-02 1.000000000000000000e+00
-1.720380783081054688e-02 9.766816347837448120e-02 4.682093262672424316e-01 2.125475928187370300e-02 1.000000000000000000e+00
-1.344760954380035400e-01 8.957374840974807739e-02 5.717308819293975830e-02 2.481407821178436279e-01 1.000000000000000000e+00
1.339729968458414078e-02 6.507259607315063477e-02 1.351591199636459351e-01 -1.218936219811439514e-01 1.000000000000000000e+00
1.339729968458414078e-02 6.507259607315063477e-02 1.351591199636459351e-01 -1.218936219811439514e-01 1.000000000000000000e+00
3.224985674023628235e-02 7.133340090513229370e-02 2.448021061718463898e-02 -1.406340897083282471e-01 1.000000000000000000e+00
3.224985674023628235e-02 7.133340090513229370e-02 2.448021061718463898e-02 -1.406340897083282471e-01 1.000000000000000000e+00
-2.773539908230304718e-02 9.445556253194808960e-02 3.962368667125701904e-01 -1.890763938426971436e-01 1.000000000000000000e+00
-2.773539908230304718e-02 9.445556253194808960e-02 3.962368667125701904e-01 -1.890763938426971436e-01 1.000000000000000000e+00
9.239827282726764679e-03 5.007656291127204895e-02 -2.639674246311187744e-01 4.383172467350959778e-02 1.000000000000000000e+00
9.239827282726764679e-03 5.007656291127204895e-02 -2.639674246311187744e-01 4.383172467350959778e-02 1.000000000000000000e+00
4.289145767688751221e-02 -1.222977340221405029e-01 -3.046699166297912598e-01 2.053143978118896484e-01 1.000000000000000000e+00
4.289145767688751221e-02 -1.222977340221405029e-01 -3.046699166297912598e-01 2.053143978118896484e-01 1.000000000000000000e+00
-3.975876420736312866e-02 -6.495208945125341415e-04 -2.590839564800262451e-01 -1.335772722959518433e-01 1.000000000000000000e+00
3.765174373984336853e-02 -3.157695010304450989e-02 -3.911516666412353516e-01 1.471813470125198364e-01 1.000000000000000000e+00
3.765174373984336853e-02 -3.157695010304450989e-02 -3.911516666412353516e-01 1.471813470125198364e-01 1.000000000000000000e+00
-6.890259683132171631e-03 -1.348523050546646118e-01 -3.892616927623748779e-02 -2.046957463026046753e-01 1.000000000000000000e+00
8.335879445075988770e-02 -3.398336842656135559e-02 8.674341440200805664e-02 6.787297874689102173e-02 1.000000000000000000e+00
8.335879445075988770e-02 -3.398336842656135559e-02 8.674341440200805664e-02 6.787297874689102173e-02 1.000000000000000000e+00
-1.304985284805297852e-01 -1.211720332503318787e-01 1.120278984308242798e-01 7.234910875558853149e-02 1.000000000000000000e+00
2.417539991438388824e-02 -8.776517957448959351e-02 -2.457804828882217407e-01 -5.595730990171432495e-02 1.000000000000000000e+00
2.417539991438388824e-02 -8.776517957448959351e-02 -2.457804828882217407e-01 -5.595730990171432495e-02 1.000000000000000000e+00
-5.679979920387268066e-02 -1.320673078298568726e-01 -3.783290088176727295e-01 3.538098186254501343e-02 1.000000000000000000e+00
-7.068871986120939255e-03 2.178945392370223999e-02 -7.635725289583206177e-02 -4.392705112695693970e-02 1.000000000000000000e+00
-7.068871986120939255e-03 2.178945392370223999e-02 -7.635725289583206177e-02 -4.392705112695693970e-02 1.000000000000000000e+00
7.708459347486495972e-02 1.048927456140518188e-01 1.333048492670059204e-01 1.649464517831802368e-01 2.000000000000000000e+00
7.708459347486495972e-02 1.048927456140518188e-01 1.333048492670059204e-01 1.649464517831802368e-01 2.000000000000000000e+00
1.017057672142982483e-01 1.462129876017570496e-02 -7.317123562097549438e-02 1.011613830924034119e-01 2.000000000000000000e+00
-4.433498904109001160e-02 9.931946545839309692e-02 1.751482039690017700e-01 -9.617199748754501343e-02 2.000000000000000000e+00
-4.433498904109001160e-02 9.931946545839309692e-02 1.751482039690017700e-01 -9.617199748754501343e-02 2.000000000000000000e+00
3.838217258453369141e-02 -5.615955218672752380e-02 -9.753730893135070801e-02 1.036402955651283264e-01 2.000000000000000000e+00
3.838217258453369141e-02 -5.615955218672752380e-02 -9.753730893135070801e-02 1.036402955651283264e-01 2.000000000000000000e+00
-5.421297252178192139e-02 2.553128404542803764e-03 1.236669272184371948e-01 -1.122212689369916916e-02 2.000000000000000000e+00
-5.421297252178192139e-02 2.553128404542803764e-03 1.236669272184371948e-01 -1.122212689369916916e-02 2.000000000000000000e+00
-4.143502097576856613e-03 6.224630028009414673e-02 -1.101192273199558258e-02 5.192602798342704773e-02 2.000000000000000000e+00
-4.143502097576856613e-03 6.224630028009414673e-02 -1.101192273199558258e-02 5.192602798342704773e-02 2.000000000000000000e+00
-5.458750575780868530e-02 9.336046129465103149e-02 1.239858046174049377e-01 -2.337585389614105225e-02 2.000000000000000000e+00
-4.848960787057876587e-02 -6.312748044729232788e-02 -1.538792103528976440e-01 -3.902359306812286377e-02 2.000000000000000000e+00
-4.848960787057876587e-02 -6.312748044729232788e-02 -1.538792103528976440e-01 -3.902359306812286377e-02 2.000000000000000000e+00
-1.462108921259641647e-02 2.194127626717090607e-02 1.182459667325019836e-01 -4.438886418938636780e-02 2.000000000000000000e+00
-1.462108921259641647e-02 2.194127626717090607e-02 1.182459667325019836e-01 -4.438886418938636780e-02 2.000000000000000000e+00
-2.265266375616192818e-04 -7.262077648192644119e-03 8.345195651054382324e-02 -3.399143368005752563e-02 2.000000000000000000e+00
-2.265266375616192818e-04 -7.262077648192644119e-03 8.345195651054382324e-02 -3.399143368005752563e-02 2.000000000000000000e+00
4.473612084984779358e-02 1.973256282508373260e-02 -4.240986704826354980e-02 6.244366988539695740e-02 2.000000000000000000e+00
7.089816499501466751e-03 3.944389056414365768e-03 -5.408980883657932281e-03 6.310236174613237381e-03 2.000000000000000000e+00
2.499157935380935669e-02 1.390395779162645340e-02 -1.906663924455642700e-02 2.224356122314929962e-02 2.000000000000000000e+00
2.499157935380935669e-02 1.390395779162645340e-02 -1.906663924455642700e-02 2.224356122314929962e-02 2.000000000000000000e+00
3.421925008296966553e-02 1.903773285448551178e-02 -2.610663883388042450e-02 3.045657835900783539e-02 2.000000000000000000e+00
-1.914128195494413376e-03 -1.064916956238448620e-03 1.460331608541309834e-03 -1.703654997982084751e-03 3.000000000000000000e+00
-1.622327044606208801e-02 -9.025746956467628479e-03 1.237709913402795792e-02 -1.443939562886953354e-02 3.000000000000000000e+00
-1.622327044606208801e-02 -9.025746956467628479e-03 1.237709913402795792e-02 -1.443939562886953354e-02 3.000000000000000000e+00
-4.675755277276039124e-03 -2.601336454972624779e-03 3.567239269614219666e-03 -4.161620046943426132e-03 3.000000000000000000e+00
7.556178607046604156e-03 4.203847609460353851e-03 -5.764779169112443924e-03 6.725318264216184616e-03 3.000000000000000000e+00
7.556178607046604156e-03 4.203847609460353851e-03 -5.764779169112443924e-03 6.725318264216184616e-03 3.000000000000000000e+00
-2.119654556736350060e-03 -1.179260783828794956e-03 1.617132336832582951e-03 -1.886582118459045887e-03 3.000000000000000000e+00
-2.119654556736350060e-03 -1.179260783828794956e-03 1.617132336832582951e-03 -1.886582118459045887e-03 3.000000000000000000e+00
-1.602962985634803772e-02 -8.918016217648983002e-03 1.222936715930700302e-02 -1.426704879850149155e-02 3.000000000000000000e+00
-2.036675810813903809e-03 -1.133095822297036648e-03 1.553825917653739452e-03 -1.812727539800107479e-03 3.000000000000000000e+00
-2.036675810813903809e-03 -1.133095822297036648e-03 1.553825917653739452e-03 -1.812727539800107479e-03 3.000000000000000000e+00
1.120245736092329025e-02 6.232439074665307999e-03 -8.546607568860054016e-03 9.970660321414470673e-03 3.000000000000000000e+00
-7.884467020630836487e-03 -4.386489279568195343e-03 6.015237886458635330e-03 -7.017508614808320999e-03 3.000000000000000000e+00
-1.004554703831672668e-02 -5.588796921074390411e-03 7.663974538445472717e-03 -8.940961211919784546e-03 3.000000000000000000e+00
-3.691300516948103905e-03 -2.053639385849237442e-03 2.816176507622003555e-03 -3.285413375124335289e-03 3.000000000000000000e+00
-3.691300516948103905e-03 -2.053639385849237442e-03 2.816176507622003555e-03 -3.285413375124335289e-03 3.000000000000000000e+00
1.197467092424631119e-03 6.662056548520922661e-04 -9.135746513493359089e-04 1.065796241164207458e-03 3.000000000000000000e+00
1.197467092424631119e-03 6.662056548520922661e-04 -9.135746513493359089e-04 1.065796241164207458e-03 3.000000000000000000e+00
3.560391487553715706e-03 1.980808563530445099e-03 -2.716303104534745216e-03 3.168898867443203926e-03 3.000000000000000000e+00
2.332718868274241686e-04 1.297798153245821595e-04 -1.779683952918276191e-04 2.076218515867367387e-04 3.000000000000000000e+00
-6.780016119591891766e-04 -3.772033087443560362e-04 5.172627279534935951e-04 -6.034501129761338234e-04 3.000000000000000000e+00
-6.780016119591891766e-04 -3.772033087443560362e-04 5.172627279534935951e-04 -6.034501129761338234e-04 3.000000000000000000e+00
-1.039675044012255967e-04 -5.784187669632956386e-05 7.931915752124041319e-05 -9.253546886611729860e-05 3.000000000000000000e+00
-4.486111283767968416e-04 -2.495828957762569189e-04 3.422555746510624886e-04 -3.992828715126961470e-04 3.000000000000000000e+00
-4.486111283767968416e-04 -2.495828957762569189e-04 3.422555746510624886e-04 -3.992828715126961470e-04 3.000000000000000000e+00
1.071979932021349669e-04 5.963914372841827571e-05 -8.178377174772322178e-05 9.541074541630223393e-05 3.000000000000000000e+00
1.071979932021349669e-04 5.963914372841827571e-05 -8.178377174772322178e-05 9.541074541630223393e-05 3.000000000000000000e+00
-3.850561915896832943e-04 -2.142243756679818034e-04 2.937680692411959171e-04 -3.427162882871925831e-04 3.000000000000000000e+00
-3.850561915896832943e-04 -2.142243756679818034e-04 2.937680692411959171e-04 -3.427162882871925831e-04 3.000000000000000000e+00
-2.907084999606013298e-04 -1.617344241822138429e-04 2.217880683019757271e-04 -2.587428316473960876e-04 3.000000000000000000e+00
1.033226653817109764e-04 5.748312469222582877e-05 -7.882719364715740085e-05 9.196154132951050997e-05 3.000000000000000000e+00
1.033226653817109764e-04 5.748312469222582877e-05 -7.882719364715740085e-05 9.196154132951050997e-05 3.000000000000000000e+00
-7.190704491222277284e-05 -4.000517583335749805e-05 5.485950896400026977e-05 -6.400031270459294319e-05 3.000000000000000000e+00
5.915473229833878577e-05 3.291048415121622384e-05 -4.513048406806774437e-05 5.265021172817796469e-05 3.000000000000000000e+00
2.627316098369192332e-05 1.461696137994294986e-05 -2.004438829317223281e-05 2.338422382308635861e-05 3.000000000000000000e+00
8.614907528681214899e-06 4.792866548086749390e-06 -6.572507118107751012e-06 7.667631507501937449e-06 3.000000000000000000e+00
1.667046262809890322e-06 9.274540957449062262e-07 -1.271827272830705624e-06 1.483741698393714614e-06 3.000000000000000000e+00
1.869505852208908081e-12 1.040094768124666391e-12 -1.426310133369190769e-12 1.663959226481936948e-12 3.000000000000000000e+00
1.869505852208908081e-12 1.040094768124666391e-12 -1.426310133369190769e-12 1.663959226481936948e-12 3.000000000000000000e+00
-1.447837960633080456e-09 -8.054983902106016558e-10 1.104588198685974021e-09 -1.288636863883141359e-09 3.000000000000000000e+00
2.687535971546139990e-09 1.495199186685169934e-09 -2.050381642249021752e-09 2.392020581609699548e-09 3.000000000000000000e+00
1.447052144776250771e-09 8.050613509169579629e-10 -1.103988900297281361e-09 1.287937645422232436e-09 3.000000000000000000e+00
2.682717381574661886e-09 1.492518331147607569e-09 -2.046705915859092784e-09 2.387732012110177493e-09 3.000000000000000000e+00
-9.427406771900237459e-13 -5.245299637343658894e-13 7.193305196287469450e-13 -8.391595252878192301e-13 3.000000000000000000e+00
9.060450957207311085e-13 5.040130097132278220e-13 -6.911642482301805224e-13 8.063493449339542707e-13 3.000000000000000000e+00
9.060450957207311085e-13 5.040130097132278220e-13 -6.911642482301805224e-13 8.063493449339542707e-13 3.000000000000000000e+00
6.272362729035918516e-13 3.489752161290465837e-13 -4.786356315629458624e-13 5.583568004653705064e-13 3.000000000000000000e+00
3.847124441930249716e-13 2.140850837535276940e-13 -2.934476663399299134e-13 3.423654860047059545e-13 3.000000000000000000e+00
2.675310060290536640e-13 1.488675041528761400e-13 -2.040855819843839791e-13 2.380967059796568197e-13 3.000000000000000000e+00
2.675310060290536640e-13 1.488675041528761400e-13 -2.040855819843839791e-13 2.380967059796568197e-13 3.000000000000000000e+00
5.724631092920247008e-15 3.215772654470449611e-15 -4.454168492915890065e-15 5.120646203067569235e-15 3.000000000000000000e+00
5.724631092920247008e-15 3.215772654470449611e-15 -4.454168492915890065e-15 5.120646203067569235e-15 3.000000000000000000e+00
2.921725293886061336e-14 1.629244157121123582e-14 -2.226567895173298811e-14 2.599517348882314505e-14 3.000000000000000000e+00
-7.829741493830741361e-14 -4.356889130615985983e-14 5.972940918990213288e-14 -6.970995774981808557e-14 3.000000000000000000e+00
4.499583011415876632e-14 2.503717244921495333e-14 -3.433066548055863088e-14 4.006517340116033665e-14 3.000000000000000000e+00
4.499583011415876632e-14 2.503717244921495333e-14 -3.433066548055863088e-14 4.006517340116033665e-14 4.000000000000000000e+00
-8.954390505987175342e-14 -4.988452142681842894e-14 6.833985146444815362e-14 -7.971643907044717592e-14 4.000000000000000000e+00
-7.411706339811863220e-14 -4.126402995338618318e-14 5.649386191600332119e-14 -6.598697011982873617e-14 4.000000000000000000e+00
3.572364419660327070e-15 2.003366963220323295e-15 -2.670521240938621838e-15 3.144608122615695500e-15 4.000000000000000000e+00
1.679001413541682947e-14 9.342650588437580866e-15 -1.279822314071516962e-14 1.495046694408551369e-14 4.000000000000000000e+00
-1.140736708923634907e-14 -6.339774371303579306e-15 8.706409413404038455e-15 -1.018588374589049841e-14 4.000000000000000000e+00
1.212196897628628131e-14 6.786422044170823537e-15 -9.286582089527029710e-15 1.088737102181809233e-14 4.000000000000000000e+00
-5.022091696193044848e-16 -2.971769567420797821e-16 4.010391044129976235e-16 -5.314146538823959470e-16 4.000000000000000000e+00
-5.022091696193044848e-16 -2.971769567420797821e-16 4.010391044129976235e-16 -5.314146538823959470e-16 4.000000000000000000e+00
-1.935942928860644174e-15 -1.069027153718970016e-15 1.448554135900770572e-15 -1.742424276016769566e-15 4.000000000000000000e+00
-1.935942928860644174e-15 -1.069027153718970016e-15 1.448554135900770572e-15 -1.742424276016769566e-15 4.000000000000000000e+00
1.091793917033507914e-15 5.957642762808971777e-16 -7.927293473684719240e-16 9.972738280867557599e-16 4.000000000000000000e+00
-1.517701458791638567e-15 -8.543022898867551514e-16 1.165193557077829310e-15 -1.293924777368590621e-15 4.000000000000000000e+00
-1.529866757738341642e-15 -8.597788343467870336e-16 1.197052372048194868e-15 -1.320331029499243435e-15 4.000000000000000000e+00
-1.245731779043373136e-15 -6.996163389657867725e-16 9.805100931485274951e-16 -1.071834644422644395e-15 4.000000000000000000e+00
-4.431761083329224804e-15 -2.452260755705449116e-15 3.406330080130723185e-15 -3.976833663402569788e-15 4.000000000000000000e+00
-4.645505612404111223e-15 -2.574337896920817458e-15 3.575052478718438592e-15 -4.176664405769383442e-15 4.000000000000000000e+00
-9.357262965568901615e-16 -5.170608335582245734e-16 7.167924201306502714e-16 -8.393631697960310563e-16 4.000000000000000000e+00
-9.357262965568901615e-16 -5.170608335582245734e-16 7.167924201306502714e-16 -8.393631697960310563e-16 4.000000000000000000e+00
1.100293342087789103e-14 6.122361766050608139e-15 -8.469540884869109637e-15 9.848264883444406842e-15 4.000000000000000000e+00
1.100293342087789103e-14 6.122361766050608139e-15 -8.469540884869109637e-15 9.848264883444406842e-15 4.000000000000000000e+00
2.060928738865236420e-14 1.146954269569660373e-14 -1.585092395338903726e-14 1.841722710753043724e-14 4.000000000000000000e+00
-9.162457881436384538e-15 -5.102518427446906327e-15 7.084833869070881682e-15 -8.240055942535396555e-15 4.000000000000000000e+00
1.432903508134352865e-15 7.935313816904033396e-16 -1.115889039767577369e-15 1.328620623316666052e-15 4.000000000000000000e+00
1.432903508134352865e-15 7.935313816904033396e-16 -1.115889039767577369e-15 1.328620623316666052e-15 4.000000000000000000e+00
-1.071822023631730306e-14 -5.959311311835944341e-15 8.232231052168661328e-15 -9.585909133526596126e-15 4.000000000000000000e+00
-2.236877641394099253e-15 -1.245345532019425175e-15 1.745041607823785354e-15 -2.045209755539975291e-15 4.000000000000000000e+00
-2.236877641394099253e-15 -1.245345532019425175e-15 1.745041607823785354e-15 -2.045209755539975291e-15 4.000000000000000000e+00
1.066663084763183264e-14 5.951868433328420804e-15 -8.167837066419547654e-15 9.502993925352819921e-15 4.000000000000000000e+00
1.066663084763183264e-14 5.951868433328420804e-15 -8.167837066419547654e-15 9.502993925352819921e-15 4.000000000000000000e+00
1.611721755947863322e-14 8.980629553814040156e-15 -1.235560099192975145e-14 1.438012747344719761e-14 4.000000000000000000e+00
1.611721755947863322e-14 8.980629553814040156e-15 -1.235560099192975145e-14 1.438012747344719761e-14 4.000000000000000000e+00
9.973059094596330165e-15 5.566099135962711275e-15 -7.614686435379863089e-15 8.874829209471347263e-15 4.000000000000000000e+00
3.569468837530138244e-15 1.965492732016794510e-15 -2.702727339417361659e-15 3.175532872003476378e-15 4.000000000000000000e+00
-1.945234541478844947e-14 -1.082288725057656970e-14 1.492094445774191230e-14 -1.733385163920145300e-14 4.000000000000000000e+00
1.040510434296938388e-14 5.785473046005049774e-15 -7.956398161027087440e-15 9.271428670100650277e-15 4.000000000000000000e+00
-4.009228438470310504e-15 -2.233427464441695674e-15 3.059534674492315337e-15 -3.582159932178849426e-15 4.000000000000000000e+00
-4.818147867713482718e-15 -2.661766096637564576e-15 3.727931337785999125e-15 -4.318854979592015586e-15 4.000000000000000000e+00
-4.818147867713482718e-15 -2.661766096637564576e-15 3.727931337785999125e-15 -4.318854979592015586e-15 4.000000000000000000e+00
1.102439892982720951e-14 6.126410583538483695e-15 -8.502886877936616933e-15 9.814004094793864902e-15 4.000000000000000000e+00
-1.833237981720397397e-14 -1.019371625955375893e-14 1.409935553319018389e-14 -1.632348363466221142e-14 4.000000000000000000e+00
1.251643899608618701e-14 6.980026247342370829e-15 -9.667545321950018339e-15 1.116415513095943279e-14 4.000000000000000000e+00
1.251643899608618701e-14 6.980026247342370829e-15 -9.667545321950018339e-15 1.116415513095943279e-14 4.000000000000000000e+00
6.348821106696728861e-15 3.528822479248482948e-15 -4.933062710085105509e-15 5.708539584504783437e-15 4.000000000000000000e+00
-4.372020273075852628e-15 -2.414331467360348801e-15 3.485547142456787116e-15 -3.946980834209539227e-15 4.000000000000000000e+00
-5.355449241760618442e-15 -2.970302718114390186e-15 4.126034281896678521e-15 -4.770622543108938435e-15 4.000000000000000000e+00
3.017388432619309488e-15 1.657766085795780824e-15 -2.325024336808354831e-15 2.687618177462476263e-15 4.000000000000000000e+00
-3.083633238297733012e-16 -1.904505009855725199e-16 2.026683689145645649e-16 -2.813163177443022116e-16 4.000000000000000000e+00
-5.941382741159118903e-18 2.767933892806326999e-18 1.001299815389724852e-17 5.095029322778030876e-18 4.000000000000000000e+00
3.429889727495256438e-18 9.883351654949974833e-18 -5.922266597203018433e-18 8.493605301004479898e-19 4.000000000000000000e+00
5.256435421344278060e-18 -2.279769945585707505e-18 2.150330944895092745e-17 -2.349851168623037668e-18 4.000000000000000000e+00
