-1.753057241439819336e-01 7.388524711132049561e-02 1.000000000000000000e+00
1.145102381706237793e-01 4.791608080267906189e-02 1.000000000000000000e+00
5.982065922580659389e-04 2.063657045364379883e-01 1.000000000000000000e+00
9.737616777420043945e-02 3.842981159687042236e-02 1.000000000000000000e+00
-1.457925289869308472e-01 5.009555444121360779e-02 1.000000000000000000e+00
-1.457925289869308472e-01 5.009555444121360779e-02 1.000000000000000000e+00
-1.469270288944244385e-01 -1.249283999204635620e-01 1.000000000000000000e+00
-1.469270288944244385e-01 -1.249283999204635620e-01 1.000000000000000000e+00
-3.785284757614135742e-01 5.972136557102203369e-02 1.000000000000000000e+00
-3.785284757614135742e-01 5.972136557102203369e-02 1.000000000000000000e+00
5.560614168643951416e-03 4.592194780707359314e-02 1.000000000000000000e+00
-1.290519088506698608e-01 1.869195103645324707e-01 1.000000000000000000e+00
-1.169963181018829346e-01 -1.418193243443965912e-02 1.000000000000000000e+00
-1.169963181018829346e-01 -1.418193243443965912e-02 1.000000000000000000e+00
-1.210655048489570618e-01 -6.774146109819412231e-02 1.000000000000000000e+00
-6.407147645950317383e-02 2.919911965727806091e-02 1.000000000000000000e+00
-6.407147645950317383e-02 2.919911965727806091e-02 1.000000000000000000e+00
-1.156485304236412048e-01 6.527079641819000244e-02 1.000000000000000000e+00
1.795333325862884521e-01 -4.647604376077651978e-02 1.000000000000000000e+00
1.795333325862884521e-01 -4.647604376077651978e-02 1.000000000000000000e+00
5.169938877224922180e-02 -7.176963239908218384e-02 1.000000000000000000e+00
-5.752419307827949524e-02 -2.361133880913257599e-02 1.000000000000000000e+00
-5.752419307827949524e-02 -2.361133880913257599e-02 1.000000000000000000e+00
1.671710014343261719e-01 -8.370429277420043945e-02 1.000000000000000000e+00
1.671710014343261719e-01 -8.370429277420043945e-02 1.000000000000000000e+00
-1.616735197603702545e-02 -1.713202744722366333e-01 1.000000000000000000e+00
-1.720380783081054688e-02 9.766816347837448120e-02 1.000000000000000000e+00
-1.720380783081054688e-02 9.766816347837448120e-02 1.000000000000000000e+00
-1.344760954380035400e-01 8.957374840974807739e-02 1.000000000000000000e+00
1.339729968458414078e-02 6.507259607315063477e-02 1.000000000000000000e+00
1.339729968458414078e-02 6.507259607315063477e-02 1.000000000000000000e+00
3.224985674023628235e-02 7.133340090513229370e-02 1.000000000000000000e+00
3.224985674023628235e-02 7.133340090513229370e-02 1.000000000000000000e+00
-2.773539908230304718e-02 9.445556253194808960e-02 1.000000000000000000e+00
-2.773539908230304718e-02 9.445556253194808960e-02 1.000000000000000000e+00
9.239827282726764679e-03 5.007656291127204895e-02 1.000000000000000000e+00
9.239827282726764679e-03 5.007656291127204895e-02 1.000000000000000000e+00
4.289145767688751221e-02 -1.222977340221405029e-01 1.000000000000000000e+00
4.289145767688751221e-02 -1.222977340221405029e-01 1.000000000000000000e+00
-3.975876420736312866e-02 -6.495208945125341415e-04 1.000000000000000000e+00
3.765174373984336853e-02 -3.157695010304450989e-02 1.000000000000000000e+00
3.765174373984336853e-02 -3.157695010304450989e-02 1.000000000000000000e+00
-6.890259683132171631e-03 -1.348523050546646118e-01 1.000000000000000000e+00
8.335879445075988770e-02 -3.398336842656135559e-02 1.000000000000000000e+00
8.335879445075988770e-02 -3.398336842656135559e-02 1.000000000000000000e+00
-1.304985284805297852e-01 -1.211720332503318787e-01 1.000000000000000000e+00
2.417539991438388824e-02 -8.776517957448959351e-02 1.000000000000000000e+00
2.417539991438388824e-02 -8.776517957448959351e-02 1.000000000000000000e+00
-5.679979920387268066e-02 -1.320673078298568726e-01 1.000000000000000000e+00
-7.068871986120939255e-03 2.178945392370223999e-02 1.000000000000000000e+00
-7.068871986120939255e-03 2.178945392370223999e-02 1.000000000000000000e+00
7.708459347486495972e-02 1.048927456140518188e-01 2.000000000000000000e+00
7.708459347486495972e-02 1.048927456140518188e-01 2.000000000000000000e+00
1.017057672142982483e-01 1.462129876017570496e-02 2.000000000000000000e+00
-4.433498904109001160e-02 9.931946545839309692e-02 2.000000000000000000e+00
-4.433498904109001160e-02 9.931946545839309692e-02 2.000000000000000000e+00
3.838217258453369141e-02 -5.615955218672752380e-02 2.000000000000000000e+00
3.838217258453369141e-02 -5.615955218672752380e-02 2.000000000000000000e+00
-5.421297252178192139e-02 2.553128404542803764e-03 2.000000000000000000e+00
-5.421297252178192139e-02 2.553128404542803764e-03 2.000000000000000000e+00
-4.143502097576856613e-03 6.224630028009414673e-02 2.000000000000000000e+00
-4.143502097576856613e-03 6.224630028009414673e-02 2.000000000000000000e+00
-5.458750575780868530e-02 9.336046129465103149e-02 2.000000000000000000e+00
-4.848960787057876587e-02 -6.312748044729232788e-02 2.000000000000000000e+00
-4.848960787057876587e-02 -6.312748044729232788e-02 2.000000000000000000e+00
-1.462108921259641647e-02 2.194127626717090607e-02 2.000000000000000000e+00
-1.462108921259641647e-02 2.194127626717090607e-02 2.000000000000000000e+00
-2.265266375616192818e-04 -7.262077648192644119e-03 2.000000000000000000e+00
-2.265266375616192818e-04 -7.262077648192644119e-03 2.000000000000000000e+00
4.473612084984779358e-02 1.973256282508373260e-02 2.000000000000000000e+00
7.089816499501466751e-03 3.944389056414365768e-03 2.000000000000000000e+00
2.499157935380935669e-02 1.390395779162645340e-02 2.000000000000000000e+00
2.499157935380935669e-02 1.390395779162645340e-02 2.000000000000000000e+00
3.421925008296966553e-02 1.903773285448551178e-02 2.000000000000000000e+00
-1.914128195494413376e-03 -1.064916956238448620e-03 3.000000000000000000e+00
-1.622327044606208801e-02 -9.025746956467628479e-03 3.000000000000000000e+00
-1.622327044606208801e-02 -9.025746956467628479e-03 3.000000000000000000e+00
-4.675755277276039124e-03 -2.601336454972624779e-03 3.000000000000000000e+00
7.556178607046604156e-03 4.203847609460353851e-03 3.000000000000000000e+00
7.556178607046604156e-03 4.203847609460353851e-03 3.000000000000000000e+00
-2.119654556736350060e-03 -1.179260783828794956e-03 3.000000000000000000e+00
-2.119654556736350060e-03 -1.179260783828794956e-03 3.000000000000000000e+00
-1.602962985634803772e-02 -8.918016217648983002e-03 3.000000000000000000e+00
-2.036675810813903809e-03 -1.133095822297036648e-03 3.000000000000000000e+00
-2.036675810813903809e-03 -1.133095822297036648e-03 3.000000000000000000e+00
1.120245736092329025e-02 6.232439074665307999e-03 3.000000000000000000e+00
-7.884467020630836487e-03 -4.386489279568195343e-03 3.000000000000000000e+00
-1.004554703831672668e-02 -5.588796921074390411e-03 3.000000000000000000e+00
-3.691300516948103905e-03 -2.053639385849237442e-03 3.000000000000000000e+00
-3.691300516948103905e-03 -2.053639385849237442e-03 3.000000000000000000e+00
1.197467092424631119e-03 6.662056548520922661e-04 3.000000000000000000e+00
1.197467092424631119e-03 6.662056548520922661e-04 3.000000000000000000e+00
3.560391487553715706e-03 1.980808563530445099e-03 3.000000000000000000e+00
2.332718868274241686e-04 1.297798153245821595e-04 3.000000000000000000e+00
-6.780016119591891766e-04 -3.772033087443560362e-04 3.000000000000000000e+00
-6.780016119591891766e-04 -3.772033087443560362e-04 3.000000000000000000e+00
-1.039675044012255967e-04 -5.784187669632956386e-05 3.000000000000000000e+00
-4.486111283767968416e-04 -2.495828957762569189e-04 3.000000000000000000e+00
-4.486111283767968416e-04 -2.495828957762569189e-04 3.000000000000000000e+00
1.071979932021349669e-04 5.963914372841827571e-05 3.000000000000000000e+00
1.071979932021349669e-04 5.963914372841827571e-05 3.000000000000000000e+00
-3.850561915896832943e-04 -2.142243756679818034e-04 3.000000000000000000e+00
-3.850561915896832943e-04 -2.142243756679818034e-04 3.000000000000000000e+00
-2.907084999606013298e-04 -1.617344241822138429e-04 3.000000000000000000e+00
1.033226653817109764e-04 5.748312469222582877e-05 3.000000000000000000e+00
1.033226653817109764e-04 5.748312469222582877e-05 3.000000000000000000e+00
-7.190704491222277284e-05 -4.000517583335749805e-05 3.000000000000000000e+00
5.915473229833878577e-05 3.291048415121622384e-05 3.000000000000000000e+00
2.627316098369192332e-05 1.461696137994294986e-05 3.000000000000000000e+00
8.614907528681214899e-06 4.792866548086749390e-06 3.000000000000000000e+00
1.667046262809890322e-06 9.274540957449062262e-07 3.000000000000000000e+00
1.869505852208908081e-12 1.040094768124666391e-12 3.000000000000000000e+00
1.869505852208908081e-12 1.040094768124666391e-12 3.000000000000000000e+00
-1.447837960633080456e-09 -8.054983902106016558e-10 3.000000000000000000e+00
2.687535971546139990e-09 1.495199186685169934e-09 3.000000000000000000e+00
1.447052144776250771e-09 8.050613509169579629e-10 3.000000000000000000e+00
2.682717381574661886e-09 1.492518331147607569e-09 3.000000000000000000e+00
-9.427406771900237459e-13 -5.245299637343658894e-13 3.000000000000000000e+00
9.060450957207311085e-13 5.040130097132278220e-13 3.000000000000000000e+00
9.060450957207311085e-13 5.040130097132278220e-13 3.000000000000000000e+00
6.272362729035918516e-13 3.489752161290465837e-13 3.000000000000000000e+00
3.847124441930249716e-13 2.140850837535276940e-13 3.000000000000000000e+00
2.675310060290536640e-13 1.488675041528761400e-13 3.000000000000000000e+00
2.675310060290536640e-13 1.488675041528761400e-13 3.000000000000000000e+00
5.724631092920247008e-15 3.215772654470449611e-15 3.000000000000000000e+00
5.724631092920247008e-15 3.215772654470449611e-15 3.000000000000000000e+00
2.921725293886061336e-14 1.629244157121123582e-14 3.000000000000000000e+00
-7.829741493830741361e-14 -4.356889130615985983e-14 3.000000000000000000e+00
4.499583011415876632e-14 2.503717244921495333e-14 3.000000000000000000e+00
4.499583011415876632e-14 2.503717244921495333e-14 4.000000000000000000e+00
-8.954390505987175342e-14 -4.988452142681842894e-14 4.000000000000000000e+00
-7.411706339811863220e-14 -4.126402995338618318e-14 4.000000000000000000e+00
3.572364419660327070e-15 2.003366963220323295e-15 4.000000000000000000e+00
1.679001413541682947e-14 9.342650588437580866e-15 4.000000000000000000e+00
-1.140736708923634907e-14 -6.339774371303579306e-15 4.000000000000000000e+00
1.212196897628628131e-14 6.786422044170823537e-15 4.000000000000000000e+00
-5.022091696193044848e-16 -2.971769567420797821e-16 4.000000000000000000e+00
-5.022091696193044848e-16 -2.971769567420797821e-16 4.000000000000000000e+00
-1.935942928860644174e-15 -1.069027153718970016e-15 4.000000000000000000e+00
-1.935942928860644174e-15 -1.069027153718970016e-15 4.000000000000000000e+00
1.091793917033507914e-15 5.957642762808971777e-16 4.000000000000000000e+00
-1.517701458791638567e-15 -8.543022898867551514e-16 4.000000000000000000e+00
-1.529866757738341642e-15 -8.597788343467870336e-16 4.000000000000000000e+00
-1.245731779043373136e-15 -6.996163389657867725e-16 4.000000000000000000e+00
-4.431761083329224804e-15 -2.452260755705449116e-15 4.000000000000000000e+00
-4.645505612404111223e-15 -2.574337896920817458e-15 4.000000000000000000e+00
-9.357262965568901615e-16 -5.170608335582245734e-16 4.000000000000000000e+00
-9.357262965568901615e-16 -5.170608335582245734e-16 4.000000000000000000e+00
1.100293342087789103e-14 6.122361766050608139e-15 4.000000000000000000e+00
1.100293342087789103e-14 6.122361766050608139e-15 4.000000000000000000e+00
2.060928738865236420e-14 1.146954269569660373e-14 4.000000000000000000e+00
-9.162457881436384538e-15 -5.102518427446906327e-15 4.000000000000000000e+00
1.432903508134352865e-15 7.935313816904033396e-16 4.000000000000000000e+00
1.432903508134352865e-15 7.935313816904033396e-16 4.000000000000000000e+00
-1.071822023631730306e-14 -5.959311311835944341e-15 4.000000000000000000e+00
-2.236877641394099253e-15 -1.245345532019425175e-15 4.000000000000000000e+00
-2.236877641394099253e-15 -1.245345532019425175e-15 4.000000000000000000e+00
1.066663084763183264e-14 5.951868433328420804e-15 4.000000000000000000e+00
1.066663084763183264e-14 5.951868433328420804e-15 4.000000000000000000e+00
1.611721755947863322e-14 8.980629553814040156e-15 4.000000000000000000e+00
1.611721755947863322e-14 8.980629553814040156e-15 4.000000000000000000e+00
9.973059094596330165e-15 5.566099135962711275e-15 4.000000000000000000e+00
3.569468837530138244e-15 1.965492732016794510e-15 4.000000000000000000e+00
-1.945234541478844947e-14 -1.082288725057656970e-14 4.000000000000000000e+00
1.040510434296938388e-14 5.785473046005049774e-15 4.000000000000000000e+00
-4.009228438470310504e-15 -2.233427464441695674e-15 4.000000000000000000e+00
-4.818147867713482718e-15 -2.661766096637564576e-15 4.000000000000000000e+00
-4.818147867713482718e-15 -2.661766096637564576e-15 4.000000000000000000e+00
1.102439892982720951e-14 6.126410583538483695e-15 4.000000000000000000e+00
-1.833237981720397397e-14 -1.019371625955375893e-14 4.000000000000000000e+00
1.251643899608618701e-14 6.980026247342370829e-15 4.000000000000000000e+00
1.251643899608618701e-14 6.980026247342370829e-15 4.000000000000000000e+00
6.348821106696728861e-15 3.528822479248482948e-15 4.000000000000000000e+00
-4.372020273075852628e-15 -2.414331467360348801e-15 4.000000000000000000e+00
-5.355449241760618442e-15 -2.970302718114390186e-15 4.000000000000000000e+00
3.017388432619309488e-15 1.657766085795780824e-15 4.000000000000000000e+00
-3.083633238297733012e-16 -1.904505009855725199e-16 4.000000000000000000e+00
-5.941382741159118903e-18 2.767933892806326999e-18 4.000000000000000000e+00
3.429889727495256438e-18 9.883351654949974833e-18 4.000000000000000000e+00
5.256435421344278060e-18 -2.279769945585707505e-18 4.000000000000000000e+00
