0.0446373152642902	-0.0711595875755457	1
0.0446373152570687	-0.0711595875640335	1
0.0446373152642901	-0.0711595875755457	1
0.0446373152498472	-0.0711595875525211	1
0.0446373152570687	-0.0711595875640335	1
0.0446373152570687	-0.0711595875640334	1
0.0446373152570687	-0.0711595875640335	1
0.0446373152642902	-0.0711595875755457	1
0.0446373152570687	-0.0711595875640334	1
0.0446373152642902	-0.0711595875755457	1
0.0446373152570687	-0.0711595875640335	1
0.0446373152715117	-0.0711595875870581	1
0.0446373152570687	-0.0711595875640334	1
0.0446373152498472	-0.0711595875525212	1
0.0446373152570687	-0.0711595875640335	1
0.0446373152642902	-0.0711595875755458	1
0.0446373152570687	-0.0711595875640334	1
0.0446373152642902	-0.0711595875755458	1
0.0446373152642902	-0.0711595875755457	1
0.0446373152715117	-0.0711595875870581	1
0.0446373152715117	-0.0711595875870581	1
0.0446373152715116	-0.071159587587058	1
0.0446373152642902	-0.0711595875755457	1
0.0446373152787332	-0.0711595875985704	1
0.0446373152570687	-0.0711595875640334	1
0.0446373152642902	-0.0711595875755458	1
0.0446373152715117	-0.0711595875870581	1
0.0446373152787332	-0.0711595875985704	1
0.0446373152642902	-0.0711595875755458	1
0.0446373152859547	-0.0711595876100827	1
0.0446373152570687	-0.0711595875640334	1
0.0446373152787332	-0.0711595875985704	1
0.0446373152642902	-0.0711595875755458	1
0.0446373152715117	-0.0711595875870581	1
0.0446373152642902	-0.0711595875755457	1
0.0446373152715117	-0.0711595875870581	1
0.0446373152715117	-0.071159587587058	1
0.0446373152859547	-0.0711595876100827	1
0.0446373152787332	-0.0711595875985704	1
0.0446373152642902	-0.0711595875755457	1
0.0446373152787332	-0.0711595875985704	1
0.0446373152787332	-0.0711595875985704	1
0.0446373152859547	-0.0711595876100827	1
0.0446373152715117	-0.071159587587058	1
0.0446373152715117	-0.0711595875870581	1
0.0446373152715117	-0.0711595875870581	1
0.0446373152787332	-0.0711595875985704	1
0.0446373152715117	-0.071159587587058	1
0.0446373152787332	-0.0711595875985704	1
0.0446373152787332	-0.0711595875985704	1
0.0446373152787332	-0.0711595875985704	1
0.0876067521630399	0.170906890403245	2
0.0876067521772168	0.170906890430902	2
0.0876067521630399	0.170906890403245	2
0.0876067521630399	0.170906890403245	2
0.0876067521630399	0.170906890403245	2
0.0876067521630399	0.170906890403245	2
0.0876067522055708	0.170906890486216	2
0.0876067521913939	0.170906890458559	2
0.0876067521913938	0.170906890458559	2
0.0876067521772169	0.170906890430902	2
0.0876067521630399	0.170906890403245	2
0.0876067521772169	0.170906890430902	2
0.0876067521772168	0.170906890430902	2
0.08760675216304	0.170906890403245	2
0.0876067521913938	0.170906890458559	2
0.0876067522055707	0.170906890486216	2
0.0876067521630399	0.170906890403245	2
0.0876067521913938	0.170906890458559	2
0.0876067521913938	0.170906890458559	2
0.0876067521772168	0.170906890430902	2
0.0876067521913938	0.170906890458559	2
0.0876067521772168	0.170906890430902	2
0.0876067521630399	0.170906890403245	2
0.0287594256954264	-0.0274293776229552	3
0.028759425700079	-0.0274293776273926	3
0.028759425700079	-0.0274293776273926	3
0.0287594257047316	-0.02742937763183	3
0.0287594256954264	-0.0274293776229552	3
0.028759425700079	-0.0274293776273926	3
0.0287594256861212	-0.0274293776140804	3
0.0287594256907739	-0.0274293776185178	3
0.0287594256954264	-0.0274293776229552	3
0.0287594256907738	-0.0274293776185178	3
0.0287594256954264	-0.0274293776229552	3
0.0287594256907738	-0.0274293776185178	3
0.0287594256907738	-0.0274293776185178	3
0.0287594256861212	-0.0274293776140804	3
0.0287594256907738	-0.0274293776185178	3
0.0287594256907738	-0.0274293776185178	3
0.0287594256861213	-0.0274293776140804	3
0.0287594256954264	-0.0274293776229552	3
0.0287594256954264	-0.0274293776229552	3
0.0287594256954264	-0.0274293776229552	3
0.0287594256954264	-0.0274293776229552	3
0.028759425700079	-0.0274293776273926	3
0.0287594256907738	-0.0274293776185178	3
0.028759425700079	-0.0274293776273926	3
0.0287594256954264	-0.0274293776229552	3
0.0287594256907738	-0.0274293776185178	3
0.0287594256954264	-0.0274293776229552	3
0.0287594256907738	-0.0274293776185178	3
0.0287594256954264	-0.0274293776229552	3
0.0287594256861213	-0.0274293776140804	3
0.0287594256954265	-0.0274293776229552	3
0.0287594256954264	-0.0274293776229552	3
0.0287594256814687	-0.027429377609643	3
0.0287594256907738	-0.0274293776185178	3
0.028759425700079	-0.0274293776273926	3
0.0287594256907738	-0.0274293776185178	3
0.0287594257047315	-0.02742937763183	3
0.028759425700079	-0.0274293776273926	3
0.028759425700079	-0.0274293776273926	3
0.0287594256954264	-0.0274293776229552	3
0.0287594256954264	-0.0274293776229552	3
0.0287594256907738	-0.0274293776185178	3
0.028759425700079	-0.0274293776273926	3
0.0287594256907738	-0.0274293776185178	3
0.0287594256954264	-0.0274293776229552	3
0.0287594257047316	-0.02742937763183	3
0.0287594257047316	-0.02742937763183	3
0.0287594256954264	-0.0274293776229552	3
0.0287594256954264	-0.0274293776229552	3
0.028759425700079	-0.0274293776273926	3
0.028759425700079	-0.0274293776273926	3
0.0287594256954264	-0.0274293776229552	3
0.0287594256954264	-0.0274293776229552	3
0.0287594256954264	-0.0274293776229552	3
0.0287594256954264	-0.0274293776229552	3
-0.11516131988224	0.0236646381139363	4
-0.11516131988224	0.0236646381139364	4
-0.115161319900871	0.0236646381177648	4
-0.115161319900871	0.0236646381177648	4
-0.115161319900871	0.0236646381177648	4
-0.115161319863609	0.0236646381101078	4
-0.11516131988224	0.0236646381139363	4
-0.115161319844978	0.0236646381062793	4
-0.115161319919502	0.0236646381215933	4
-0.11516131988224	0.0236646381139364	4
-0.11516131988224	0.0236646381139364	4
-0.115161319863609	0.0236646381101078	4
-0.11516131988224	0.0236646381139364	4
-0.115161319863609	0.0236646381101078	4
-0.115161319900871	0.0236646381177648	4
-0.115161319863609	0.0236646381101079	4
-0.115161319919502	0.0236646381215933	4
-0.115161319844978	0.0236646381062793	4
-0.115161319826347	0.0236646381024508	4
-0.115161319826347	0.0236646381024508	4
-0.11516131988224	0.0236646381139363	4
-0.11516131988224	0.0236646381139363	4
-0.115161319807716	0.0236646380986223	4
-0.115161319844978	0.0236646381062793	4
-0.115161319863609	0.0236646381101078	4
-0.11516131988224	0.0236646381139363	4
-0.115161319863609	0.0236646381101078	4
-0.11516131988224	0.0236646381139363	4
-0.115161319844978	0.0236646381062794	4
-0.115161319863609	0.0236646381101079	4
-0.11516131988224	0.0236646381139363	4
-0.11516131988224	0.0236646381139363	4
-0.115161319854294	0.0236646381081936	4
-0.115161319872925	0.0236646381120221	4
-0.115161319863609	0.0236646381101078	4
-0.115161319854294	0.0236646381081936	4
-0.115161319844978	0.0236646381062794	4
-0.115161319844978	0.0236646381062794	4
-0.11516131988224	0.0236646381139363	4
-0.115161319854294	0.0236646381081936	4
-0.115161319835663	0.0236646381043651	4
-0.115161319854294	0.0236646381081936	4
-0.115161319854294	0.0236646381081936	4
-0.115161319826347	0.0236646381024508	4
-0.115161319835663	0.0236646381043651	4
-0.115161319807716	0.0236646380986223	4
-0.115161319844978	0.0236646381062793	4
-0.115161319844978	0.0236646381062793	4
-0.115161319863609	0.0236646381101078	4
-0.115161319854294	0.0236646381081936	4
-0.115161319854294	0.0236646381081936	4
