1.795238951649280000e+14 1.000000000000000000e+00
1.796478284595200000e+14 1.000000000000000000e+00
1.796403458211840000e+14 1.000000000000000000e+00
1.793684542586880000e+14 1.000000000000000000e+00
1.792386489384960000e+14 1.000000000000000000e+00
1.792346727383040000e+14 1.000000000000000000e+00
1.793073013063680000e+14 1.000000000000000000e+00
1.793489926881280000e+14 1.000000000000000000e+00
1.793411409510400000e+14 1.000000000000000000e+00
1.792730422312960000e+14 1.000000000000000000e+00
1.792169559982080000e+14 1.000000000000000000e+00
1.792363169054720000e+14 1.000000000000000000e+00
1.792362833510400000e+14 1.000000000000000000e+00
1.792217878364160000e+14 1.000000000000000000e+00
1.791983500656640000e+14 1.000000000000000000e+00
1.791718420643840000e+14 1.000000000000000000e+00
1.791252685127680000e+14 1.000000000000000000e+00
1.800345265111040000e+14 1.000000000000000000e+00
1.800515218309120000e+14 1.000000000000000000e+00
1.798819545088000000e+14 1.000000000000000000e+00
1.797603532472320000e+14 1.000000000000000000e+00
1.796609650196480000e+14 1.000000000000000000e+00
1.795884874465280000e+14 1.000000000000000000e+00
1.795115135795200000e+14 1.000000000000000000e+00
1.794275436134400000e+14 1.000000000000000000e+00
1.793294472314880000e+14 1.000000000000000000e+00
1.791483707392000000e+14 1.000000000000000000e+00
1.791659532615680000e+14 1.000000000000000000e+00
1.792232810086400000e+14 1.000000000000000000e+00
1.792678412943360000e+14 1.000000000000000000e+00
1.792868331028480000e+14 1.000000000000000000e+00
1.792896013434880000e+14 1.000000000000000000e+00
1.792849540546560000e+14 1.000000000000000000e+00
1.792677238538240000e+14 1.000000000000000000e+00
1.791818412851200000e+14 1.000000000000000000e+00
1.796629111767040000e+14 2.000000000000000000e+00
1.795725826457600000e+14 2.000000000000000000e+00
1.794636146278400000e+14 2.000000000000000000e+00
1.793219478159360000e+14 2.000000000000000000e+00
1.793936200826880000e+14 2.000000000000000000e+00
1.794375428341760000e+14 2.000000000000000000e+00
1.794411163811840000e+14 2.000000000000000000e+00
1.793894593331200000e+14 2.000000000000000000e+00
1.793634714255360000e+14 2.000000000000000000e+00
1.793258569072640000e+14 2.000000000000000000e+00
1.792653247119360000e+14 2.000000000000000000e+00
1.792857258065920000e+14 2.000000000000000000e+00
1.792744347402240000e+14 2.000000000000000000e+00
1.792662139043840000e+14 2.000000000000000000e+00
1.792605767598080000e+14 2.000000000000000000e+00
1.794687316787200000e+14 2.000000000000000000e+00
1.794725904384000000e+14 2.000000000000000000e+00
1.794321741250560000e+14 2.000000000000000000e+00
1.794347578163200000e+14 2.000000000000000000e+00
1.794166719774720000e+14 2.000000000000000000e+00
1.793979318272000000e+14 2.000000000000000000e+00
1.793831678771200000e+14 2.000000000000000000e+00
1.793723969044480000e+14 2.000000000000000000e+00
1.793736216412160000e+14 2.000000000000000000e+00
1.793661557800960000e+14 2.000000000000000000e+00
1.793581194936320000e+14 2.000000000000000000e+00
1.793419965890560000e+14 2.000000000000000000e+00
1.793286587023360000e+14 2.000000000000000000e+00
1.793152201523200000e+14 2.000000000000000000e+00
1.793114788331520000e+14 2.000000000000000000e+00
1.793073180835840000e+14 2.000000000000000000e+00
1.793021171466240000e+14 2.000000000000000000e+00
1.792884772700160000e+14 2.000000000000000000e+00
1.799753364930560000e+14 2.000000000000000000e+00
1.800621250314240000e+14 2.000000000000000000e+00
1.798420079575040000e+14 2.000000000000000000e+00
1.796886138716160000e+14 2.000000000000000000e+00
1.794830090895360000e+14 2.000000000000000000e+00
1.793341448519680000e+14 2.000000000000000000e+00
1.792779076239360000e+14 2.000000000000000000e+00
1.793716251525120000e+14 2.000000000000000000e+00
1.794286509096960000e+14 2.000000000000000000e+00
1.794722045624320000e+14 2.000000000000000000e+00
1.794820360110080000e+14 2.000000000000000000e+00
1.794237855170560000e+14 2.000000000000000000e+00
1.793509723996160000e+14 2.000000000000000000e+00
1.793311585075200000e+14 2.000000000000000000e+00
1.793230886666240000e+14 2.000000000000000000e+00
1.793077878456320000e+14 2.000000000000000000e+00
1.792954398146560000e+14 2.000000000000000000e+00
1.792817663836160000e+14 2.000000000000000000e+00
1.792578420736000000e+14 2.000000000000000000e+00
