1.795238951649280000e+14 -1.886049492008960000e+14 1.000000000000000000e+00
1.796478284595200000e+14 -1.887372711034880000e+14 1.000000000000000000e+00
1.796403458211840000e+14 -1.887315332956160000e+14 1.000000000000000000e+00
1.793684542586880000e+14 -1.884480151224320000e+14 1.000000000000000000e+00
1.792386489384960000e+14 -1.883116499107840000e+14 1.000000000000000000e+00
1.792346727383040000e+14 -1.883074556067840000e+14 1.000000000000000000e+00
1.793073013063680000e+14 -1.883837583851520000e+14 1.000000000000000000e+00
1.793489926881280000e+14 -1.884275972505600000e+14 1.000000000000000000e+00
1.793411409510400000e+14 -1.884192925286400000e+14 1.000000000000000000e+00
1.792730422312960000e+14 -1.883497677455360000e+14 1.000000000000000000e+00
1.792169559982080000e+14 -1.882929433149440000e+14 1.000000000000000000e+00
1.792363169054720000e+14 -1.883153744527360000e+14 1.000000000000000000e+00
1.792362833510400000e+14 -1.883153744527360000e+14 1.000000000000000000e+00
1.792217878364160000e+14 -1.883001239633920000e+14 1.000000000000000000e+00
1.791983500656640000e+14 -1.882754950103040000e+14 1.000000000000000000e+00
1.791718420643840000e+14 -1.882476616089600000e+14 1.000000000000000000e+00
1.791252685127680000e+14 -1.882008531763200000e+14 1.000000000000000000e+00
1.800345265111040000e+14 -1.891415516774400000e+14 1.000000000000000000e+00
1.800515218309120000e+14 -1.891614830100480000e+14 1.000000000000000000e+00
1.798819545088000000e+14 -1.889854061281280000e+14 1.000000000000000000e+00
1.797603532472320000e+14 -1.888598118891520000e+14 1.000000000000000000e+00
1.796609650196480000e+14 -1.887553904967680000e+14 1.000000000000000000e+00
1.795884874465280000e+14 -1.886792219361280000e+14 1.000000000000000000e+00
1.795115135795200000e+14 -1.885983389777920000e+14 1.000000000000000000e+00
1.794275436134400000e+14 -1.885101243760640000e+14 1.000000000000000000e+00
1.793294472314880000e+14 -1.884070619381760000e+14 1.000000000000000000e+00
1.791483707392000000e+14 -1.882189054607360000e+14 1.000000000000000000e+00
1.791659532615680000e+14 -1.882394575503360000e+14 1.000000000000000000e+00
1.792232810086400000e+14 -1.883017513533440000e+14 1.000000000000000000e+00
1.792678412943360000e+14 -1.883485597859840000e+14 1.000000000000000000e+00
1.792868331028480000e+14 -1.883685078958080000e+14 1.000000000000000000e+00
1.792896013434880000e+14 -1.883714271313920000e+14 1.000000000000000000e+00
1.792849540546560000e+14 -1.883665281843200000e+14 1.000000000000000000e+00
1.792677238538240000e+14 -1.883484255682560000e+14 1.000000000000000000e+00
1.791818412851200000e+14 -1.882603116298240000e+14 1.000000000000000000e+00
1.796629111767040000e+14 -1.887512297472000000e+14 2.000000000000000000e+00
1.795725826457600000e+14 -1.886584349655040000e+14 2.000000000000000000e+00
1.794636146278400000e+14 -1.885459605094400000e+14 2.000000000000000000e+00
1.793219478159360000e+14 -1.883993108643840000e+14 2.000000000000000000e+00
1.793936200826880000e+14 -1.884746237870080000e+14 2.000000000000000000e+00
1.794375428341760000e+14 -1.885207611310080000e+14 2.000000000000000000e+00
1.794411163811840000e+14 -1.885245024501760000e+14 2.000000000000000000e+00
1.793894593331200000e+14 -1.884702449336320000e+14 2.000000000000000000e+00
1.793634714255360000e+14 -1.884429484032000000e+14 2.000000000000000000e+00
1.793258569072640000e+14 -1.884075317002240000e+14 2.000000000000000000e+00
1.792653247119360000e+14 -1.883459425402880000e+14 2.000000000000000000e+00
1.792857258065920000e+14 -1.883673670451200000e+14 2.000000000000000000e+00
1.792744347402240000e+14 -1.883555055534080000e+14 2.000000000000000000e+00
1.792662139043840000e+14 -1.883468820643840000e+14 2.000000000000000000e+00
1.792605767598080000e+14 -1.883409597071360000e+14 2.000000000000000000e+00
1.794687316787200000e+14 -1.885470174740480000e+14 2.000000000000000000e+00
1.794725904384000000e+14 -1.885534263705600000e+14 2.000000000000000000e+00
1.794321741250560000e+14 -1.885128758394880000e+14 2.000000000000000000e+00
1.794347578163200000e+14 -1.885176741232640000e+14 2.000000000000000000e+00
1.794166719774720000e+14 -1.884986655375360000e+14 2.000000000000000000e+00
1.793979318272000000e+14 -1.884789858631680000e+14 2.000000000000000000e+00
1.793831678771200000e+14 -1.884634669383680000e+14 2.000000000000000000e+00
1.793723969044480000e+14 -1.884521758720000000e+14 2.000000000000000000e+00
1.793736216412160000e+14 -1.884534509404160000e+14 2.000000000000000000e+00
1.793661557800960000e+14 -1.884475789148160000e+14 2.000000000000000000e+00
1.793581194936320000e+14 -1.884412706816000000e+14 2.000000000000000000e+00
1.793419965890560000e+14 -1.884264396226560000e+14 2.000000000000000000e+00
1.793286587023360000e+14 -1.884124306472960000e+14 2.000000000000000000e+00
1.793152201523200000e+14 -1.883983210086400000e+14 2.000000000000000000e+00
1.793114788331520000e+14 -1.883943783628800000e+14 2.000000000000000000e+00
1.793073180835840000e+14 -1.883900162867200000e+14 2.000000000000000000e+00
1.793021171466240000e+14 -1.883845469143040000e+14 2.000000000000000000e+00
1.792884772700160000e+14 -1.883723163238400000e+14 2.000000000000000000e+00
1.799753364930560000e+14 -1.890796437504000000e+14 2.000000000000000000e+00
1.800621250314240000e+14 -1.891727908536320000e+14 2.000000000000000000e+00
1.798420079575040000e+14 -1.889435973058560000e+14 2.000000000000000000e+00
1.796886138716160000e+14 -1.887824353689600000e+14 2.000000000000000000e+00
1.794830090895360000e+14 -1.885685426421760000e+14 2.000000000000000000e+00
1.793341448519680000e+14 -1.884121286574080000e+14 2.000000000000000000e+00
1.792779076239360000e+14 -1.883530560798720000e+14 2.000000000000000000e+00
1.793716251525120000e+14 -1.884515215605760000e+14 2.000000000000000000e+00
1.794286509096960000e+14 -1.885114329989120000e+14 2.000000000000000000e+00
1.794722045624320000e+14 -1.885572012441600000e+14 2.000000000000000000e+00
1.794820360110080000e+14 -1.885696667156480000e+14 2.000000000000000000e+00
1.794237855170560000e+14 -1.885104431431680000e+14 2.000000000000000000e+00
1.793509723996160000e+14 -1.884360361902080000e+14 2.000000000000000000e+00
1.793311585075200000e+14 -1.884151988879360000e+14 2.000000000000000000e+00
1.793230886666240000e+14 -1.884067263938560000e+14 2.000000000000000000e+00
1.793077878456320000e+14 -1.883906538209280000e+14 2.000000000000000000e+00
1.792954398146560000e+14 -1.883776850329600000e+14 2.000000000000000000e+00
1.792817663836160000e+14 -1.883633237360640000e+14 2.000000000000000000e+00
1.792578420736000000e+14 -1.883402886184960000e+14 2.000000000000000000e+00
