-2.193535417318344116e-01 -7.886734604835510254e-01 1.000000000000000000e+00
-1.998503655195236206e-01 -8.328909873962402344e-01 1.000000000000000000e+00
-1.395918279886245728e-01 -8.332693576812744141e-01 1.000000000000000000e+00
-1.297342125326395035e-02 -7.705086469650268555e-01 1.000000000000000000e+00
1.402842812240123749e-02 -7.416331171989440918e-01 1.000000000000000000e+00
1.503889169543981552e-02 -7.405377626419067383e-01 1.000000000000000000e+00
1.357290511805331334e-05 -7.577358484268188477e-01 1.000000000000000000e+00
-8.056388236582279205e-03 -7.662461996078491211e-01 1.000000000000000000e+00
-7.487391587346792221e-03 -7.651805281639099121e-01 1.000000000000000000e+00
6.869251281023025513e-02 -7.099276185035705566e-01 1.000000000000000000e+00
1.346708238124847412e-01 -6.402421593666076660e-01 1.000000000000000000e+00
1.748930662870407104e-01 -5.736718773841857910e-01 1.000000000000000000e+00
1.751398444175720215e-01 -5.731632709503173828e-01 1.000000000000000000e+00
1.767880767583847046e-01 -5.712493658065795898e-01 1.000000000000000000e+00
1.796552538871765137e-01 -5.674203634262084961e-01 1.000000000000000000e+00
1.829679161310195923e-01 -5.624734163284301758e-01 1.000000000000000000e+00
2.118326127529144287e-01 -4.803880453109741211e-01 1.000000000000000000e+00
-2.953864634037017822e-01 -8.023598790168762207e-01 1.000000000000000000e+00
-2.614023685455322266e-01 -8.243003487586975098e-01 1.000000000000000000e+00
-1.847644150257110596e-01 -8.366347551345825195e-01 1.000000000000000000e+00
-9.438481181859970093e-02 -8.094030022621154785e-01 1.000000000000000000e+00
-7.373037934303283691e-02 -8.064104318618774414e-01 1.000000000000000000e+00
-5.860323831439018250e-02 -8.013052344322204590e-01 1.000000000000000000e+00
-4.262237995862960815e-02 -7.931972146034240723e-01 1.000000000000000000e+00
-2.456461079418659210e-02 -7.807230353355407715e-01 1.000000000000000000e+00
-3.863127436488866806e-03 -7.621492743492126465e-01 1.000000000000000000e+00
9.394665807485580444e-02 -6.784313917160034180e-01 1.000000000000000000e+00
1.442203670740127563e-01 -6.271128058433532715e-01 1.000000000000000000e+00
1.773870736360549927e-01 -5.697913169860839844e-01 1.000000000000000000e+00
1.715675741434097290e-01 -5.767470598220825195e-01 1.000000000000000000e+00
1.690495759248733521e-01 -5.793712139129638672e-01 1.000000000000000000e+00
1.686689704656600952e-01 -5.797542929649353027e-01 1.000000000000000000e+00
1.691947877407073975e-01 -5.793226957321166992e-01 1.000000000000000000e+00
1.714468002319335938e-01 -5.770142674446105957e-01 1.000000000000000000e+00
2.073946446180343628e-01 -4.872625470161437988e-01 1.000000000000000000e+00
-2.421110421419143677e-01 -8.087861537933349609e-01 2.000000000000000000e+00
-1.785617619752883911e-01 -8.260611295700073242e-01 2.000000000000000000e+00
-9.836136549711227417e-02 -8.102431297302246094e-01 2.000000000000000000e+00
2.107201609760522842e-03 -7.580187320709228516e-01 2.000000000000000000e+00
-1.293302420526742935e-02 -7.722557187080383301e-01 2.000000000000000000e+00
-2.188097313046455383e-02 -7.795204520225524902e-01 2.000000000000000000e+00
-2.307250723242759705e-02 -7.803658843040466309e-01 2.000000000000000000e+00
-1.185890473425388336e-02 -7.713541984558105469e-01 2.000000000000000000e+00
-6.144681945443153381e-03 -7.662925720214843750e-01 2.000000000000000000e+00
1.212054789066314697e-01 -6.541560292243957520e-01 2.000000000000000000e+00
1.726896464824676514e-01 -5.747378468513488770e-01 2.000000000000000000e+00
1.697956174612045288e-01 -5.779877305030822754e-01 2.000000000000000000e+00
1.713237166404724121e-01 -5.763812661170959473e-01 2.000000000000000000e+00
1.725506633520126343e-01 -5.749056339263916016e-01 2.000000000000000000e+00
1.731961518526077271e-01 -5.742933154106140137e-01 2.000000000000000000e+00
-2.082272171974182129e-01 -7.794523239135742188e-01 2.000000000000000000e+00
-1.565957069396972656e-01 -8.116800189018249512e-01 2.000000000000000000e+00
-9.261042624711990356e-02 -8.052440285682678223e-01 2.000000000000000000e+00
-2.679365314543247223e-02 -7.823056578636169434e-01 2.000000000000000000e+00
-2.304199896752834320e-02 -7.793067097663879395e-01 2.000000000000000000e+00
-1.851042173802852631e-02 -7.756974697113037109e-01 2.000000000000000000e+00
-1.607233099639415741e-02 -7.733392715454101562e-01 2.000000000000000000e+00
-1.331877056509256363e-02 -7.710540890693664551e-01 2.000000000000000000e+00
-1.356643624603748322e-02 -7.712668776512145996e-01 2.000000000000000000e+00
5.009276419878005981e-02 -7.283430695533752441e-01 2.000000000000000000e+00
1.119216829538345337e-01 -6.640718579292297363e-01 2.000000000000000000e+00
1.609963476657867432e-01 -5.871131420135498047e-01 2.000000000000000000e+00
1.628984957933425903e-01 -5.855323672294616699e-01 2.000000000000000000e+00
1.648943722248077393e-01 -5.836546421051025391e-01 2.000000000000000000e+00
1.653554290533065796e-01 -5.832955837249755859e-01 2.000000000000000000e+00
1.660490483045578003e-01 -5.825302600860595703e-01 2.000000000000000000e+00
1.668638288974761963e-01 -5.816469192504882812e-01 2.000000000000000000e+00
1.966218203306198120e-01 -5.014039278030395508e-01 2.000000000000000000e+00
-2.850967347621917725e-01 -8.120176792144775391e-01 2.000000000000000000e+00
-2.589410245418548584e-01 -8.226004242897033691e-01 2.000000000000000000e+00
-1.727399379014968872e-01 -8.359662890434265137e-01 2.000000000000000000e+00
-1.431604474782943726e-01 -8.342424035072326660e-01 2.000000000000000000e+00
-3.162837773561477661e-02 -7.860720753669738770e-01 2.000000000000000000e+00
-4.118854412809014320e-04 -7.603543996810913086e-01 2.000000000000000000e+00
1.176944840699434280e-02 -7.476994991302490234e-01 2.000000000000000000e+00
-7.757915183901786804e-03 -7.675293684005737305e-01 2.000000000000000000e+00
-1.977942138910293579e-02 -7.776787281036376953e-01 2.000000000000000000e+00
-2.858179807662963867e-02 -7.840717434883117676e-01 2.000000000000000000e+00
3.734423592686653137e-02 -7.355483770370483398e-01 2.000000000000000000e+00
1.050703898072242737e-01 -6.661327481269836426e-01 2.000000000000000000e+00
1.625252068042755127e-01 -5.821101069450378418e-01 2.000000000000000000e+00
1.653159856796264648e-01 -5.798678398132324219e-01 2.000000000000000000e+00
1.664430350065231323e-01 -5.789168477058410645e-01 2.000000000000000000e+00
1.684310883283615112e-01 -5.772687196731567383e-01 2.000000000000000000e+00
1.702417582273483276e-01 -5.754031538963317871e-01 2.000000000000000000e+00
1.719548851251602173e-01 -5.738452076911926270e-01 2.000000000000000000e+00
2.012379616498947144e-01 -4.921175539493560791e-01 2.000000000000000000e+00
