0.0758845363817321	-0.1751672140154	1
0.0765275906299938	-0.192102204889988	1
0.0714634631230625	-0.182290353697016	1
0.0150484756451455	-0.14665787689825	1
0.0356625888704481	-0.190056465037772	1
0.0362898648204853	-0.190150666056901	1
0.0225542355713137	-0.167977598519999	1
0.017148074857	-0.151401759811166	1
0.0171130928312021	-0.155304087413264	1
0.0631897681346848	-0.184923674816557	1
0.0950365587150455	-0.206863148986958	1
0.953177387868199	-0.244890009067949	1
0.954880378460385	-0.244186995374291	1
0.911763819597734	-0.267020766513314	1
0.8363444354725	-0.296905011377455	1
0.743552334819305	-0.320427939498154	1
0.110901586301328	-0.220807290032722	1
0.0783898461194082	-0.193563968538604	1
0.0780652371011094	-0.187728875038418	1
0.0751761506452198	-0.185825550958057	1
0.0722875235832539	-0.197679062685395	1
0.0731980436748402	-0.211334309057105	1
0.0596575854290215	-0.192065389533653	1
0.0380133681902984	-0.160607560847456	1
0.017453317902411	-0.13514963100833	1
0.0190463992453057	-0.156625852794485	1
0.0763760848423533	-0.210132141937487	1
0.113828254157436	-0.217692873489034	1
0.921250810074078	-0.263519591447301	1
1.0312708103644	-0.187785645542187	1
1.06070748593116	-0.151839277954099	1
1.06420988695291	-0.146272390253106	1
1.05660605224673	-0.156562500279369	1
1.02887326251259	-0.189556301471583	1
0.101346609764727	-0.206628258848036	1
0.0673228832621021	-0.142273517650836	2
0.0694242670295938	-0.156451759273386	2
0.0560631700556401	-0.123998651898539	2
0.0126131966867461	-0.127807224952478	2
0.0107531466662237	-0.111087288509836	2
0.0145661047148831	-0.105941666975543	2
0.0152765369355511	-0.108611917693789	2
0.00959212685366484	-0.108454342125567	2
0.0097672562186753	-0.113716898565251	2
0.125188746043869	-0.148330414142966	2
1.03397990727814	-0.184871566954674	2
1.06690014142939	-0.146493152465474	2
1.05010768961355	-0.168523951067595	2
1.03568232644235	-0.183435524317103	2
1.02384439216821	-0.194926087534698	2
0.070507347745183	-0.163906977719534	2
0.0609662745280479	-0.117244683157908	2
0.0606780448767056	-0.134158573265638	2
0.0201696741681967	-0.142313552692297	2
0.018506368694948	-0.143300285685237	2
0.0163685069710917	-0.141397136171837	2
0.0171766002840995	-0.148099987381841	2
0.0175670725611134	-0.149595160419626	2
0.0161833238352897	-0.146471401088831	2
0.0617430257538299	-0.143456627929207	2
0.0503731683038499	-0.1381092922042	2
1.07479777904411	-0.0469609341191067	2
1.08042658001147	-0.0717964392270444	2
1.08021374702427	-0.0975560423856289	2
1.07845915273597	-0.105059975533103	2
1.07793473606802	-0.112264719266526	2
1.0747247718804	-0.122497734788868	2
0.131450309357718	-0.110173421615239	2
0.0691824212883804	-0.146622014315491	2
0.0696966800847788	-0.15756618481041	2
0.0685213044670352	-0.156309835735144	2
0.0629471483961617	-0.154615667913695	2
0.0190076015339979	-0.100121075303843	2
0.00523669421414872	-0.107783650282983	2
0.0167355287742461	-0.134689684402344	2
0.00248860166187347	-0.0922707355262675	2
0.00705197942235254	-0.0875249631081522	2
0.0156720047657574	-0.0921768105919687	2
0.050453185645451	-0.114658563858713	2
0.0768545854926396	-0.0915610570766787	2
1.08316940956962	-0.00852264360255543	2
1.09520677864086	-0.0443572757630595	2
1.09649162900721	-0.0603850040915397	2
1.09213859720151	-0.0904273914000228	2
1.08257699202261	-0.115561965122105	2
1.06613979721451	-0.143576141972809	2
0.0555865336774828	-0.134145693351614	2
