-3.432601317763328552e-02 -5.818672478199005127e-02 -3.714675828814506531e-02 -1.297201514244079590e-01 1.000000000000000000e+00
-4.896838590502738953e-02 -4.433086514472961426e-02 1.012850776314735413e-01 -8.167058974504470825e-02 1.000000000000000000e+00
-1.043673325330018997e-02 9.303493052721023560e-02 4.823978543281555176e-01 1.771910488605499268e-02 1.000000000000000000e+00
1.669083721935749054e-02 1.273194998502731323e-01 4.041839241981506348e-01 4.193457588553428650e-02 1.000000000000000000e+00
3.002692759037017822e-02 1.229184567928314209e-01 3.709340393543243408e-01 4.343653842806816101e-02 1.000000000000000000e+00
3.349290415644645691e-02 1.033442616462707520e-01 3.517339229583740234e-01 3.439961373805999756e-02 1.000000000000000000e+00
3.786044940352439880e-02 6.900124251842498779e-02 2.864019870758056641e-01 1.725690066814422607e-02 1.000000000000000000e+00
4.040509089827537537e-02 5.341902002692222595e-02 2.254848778247833252e-01 1.136318501085042953e-02 1.000000000000000000e+00
6.479518860578536987e-02 -5.082493275403976440e-02 -6.802357733249664307e-02 -1.344943791627883911e-02 1.000000000000000000e+00
6.396760046482086182e-02 -5.028387904167175293e-02 -6.852420419454574585e-02 -1.260335929691791534e-02 1.000000000000000000e+00
-6.574030220508575439e-02 4.092700779438018799e-02 -3.982561826705932617e-02 6.636768579483032227e-02 1.000000000000000000e+00
-8.858542144298553467e-02 -1.350022405385971069e-01 6.801664084196090698e-02 -5.417978763580322266e-02 1.000000000000000000e+00
-8.049347996711730957e-02 -1.345588713884353638e-01 6.774468719959259033e-02 -5.314845964312553406e-02 1.000000000000000000e+00
-1.589528471231460571e-01 -1.116416007280349731e-01 5.985935777425765991e-02 -5.482450872659683228e-02 1.000000000000000000e+00
-1.400461941957473755e-01 -6.781989336013793945e-02 1.989014074206352234e-02 -4.152132943272590637e-02 1.000000000000000000e+00
-1.670243442058563232e-01 -9.500659257173538208e-02 4.816086590290069580e-02 -5.179312825202941895e-02 1.000000000000000000e+00
-1.581344306468963623e-01 -1.055578738451004028e-01 6.121004745364189148e-02 -5.320869013667106628e-02 1.000000000000000000e+00
-4.862096905708312988e-02 -4.708373546600341797e-02 1.942895539104938507e-02 3.221998363733291626e-02 1.000000000000000000e+00
-1.465461682528257370e-02 -4.678072035312652588e-02 3.715460374951362610e-02 9.673578664660453796e-03 1.000000000000000000e+00
-1.458418089896440506e-02 -4.671204090118408203e-02 3.712701424956321716e-02 9.621020406484603882e-03 2.000000000000000000e+00
-6.532104313373565674e-02 2.091258578002452850e-02 4.920733626931905746e-04 6.133925635367631912e-03 2.000000000000000000e+00
-5.779124796390533447e-02 -3.304386138916015625e-02 3.844719752669334412e-02 5.595422163605690002e-02 2.000000000000000000e+00
-5.779124796390533447e-02 -3.304386138916015625e-02 3.844719752669334412e-02 5.595422163605690002e-02 2.000000000000000000e+00
6.593595724552869797e-03 -2.149512432515621185e-02 5.870497785508632660e-03 -1.086210180073976517e-02 2.000000000000000000e+00
-8.963310718536376953e-02 2.447345666587352753e-02 1.200390327721834183e-02 1.919788308441638947e-02 2.000000000000000000e+00
4.059928283095359802e-02 -2.544427290558815002e-02 7.215509191155433655e-03 -3.215758875012397766e-02 2.000000000000000000e+00
4.059928283095359802e-02 -2.544427290558815002e-02 7.215509191155433655e-03 -3.215758875012397766e-02 2.000000000000000000e+00
2.387895435094833374e-01 -1.353097286482807249e-05 -1.775035262107849121e-02 -9.034051746129989624e-02 2.000000000000000000e+00
2.387895435094833374e-01 -1.353097286482807249e-05 -1.775035262107849121e-02 -9.034051746129989624e-02 2.000000000000000000e+00
1.143137142062187195e-01 -1.956840232014656067e-02 1.765500754117965698e-02 1.741591095924377441e-02 2.000000000000000000e+00
1.143137142062187195e-01 -1.956840232014656067e-02 1.765500754117965698e-02 1.741591095924377441e-02 2.000000000000000000e+00
1.765309572219848633e-01 2.359590306878089905e-02 -2.539294306188821793e-03 -1.865653879940509796e-02 2.000000000000000000e+00
1.765309572219848633e-01 2.359590306878089905e-02 -2.539294306188821793e-03 -1.865653879940509796e-02 2.000000000000000000e+00
3.258702158927917480e-01 3.018785454332828522e-02 -6.096488796174526215e-04 6.715553347021341324e-03 2.000000000000000000e+00
3.258702158927917480e-01 3.018785454332828522e-02 -6.096488796174526215e-04 6.715553347021341324e-03 2.000000000000000000e+00
1.038589775562286377e-01 -2.553910017013549805e-03 1.236412674188613892e-02 1.518885791301727295e-02 2.000000000000000000e+00
-2.520372271537780762e-01 -1.108108554035425186e-02 1.354657020419836044e-02 5.853864550590515137e-02 2.000000000000000000e+00
8.618231862783432007e-02 8.077859878540039062e-03 4.425649996846914291e-03 1.903955079615116119e-02 2.000000000000000000e+00
8.618231862783432007e-02 8.077859878540039062e-03 4.425649996846914291e-03 1.903955079615116119e-02 2.000000000000000000e+00
-6.487438082695007324e-01 -7.980326190590858459e-04 5.786775727756321430e-04 1.221151743084192276e-02 2.000000000000000000e+00
-5.625418424606323242e-01 -2.538324333727359772e-03 -3.186129964888095856e-03 -1.544469315558671951e-02 2.000000000000000000e+00
-6.237526535987854004e-01 -7.706141914241015911e-04 6.539562600664794445e-04 3.312551882117986679e-03 2.000000000000000000e+00
-6.790086030960083008e-01 -4.947604793414939195e-06 1.919336000355542637e-06 -1.834758791119384114e-06 2.000000000000000000e+00
7.068986892700195312e-01 1.825759028406537254e-07 -4.630395977756052162e-08 -2.204238391811941256e-08 3.000000000000000000e+00
-7.067617774009704590e-01 -2.914707537826632944e-12 7.290407427057443712e-13 3.718886635271922980e-13 3.000000000000000000e+00
4.446904733777046204e-02 -1.440823689707654200e-15 1.709946809357553148e-15 4.292399281913066803e-16 3.000000000000000000e+00
3.940957412123680115e-02 6.663304852375345321e-16 1.115672305212198675e-15 1.601782448998632707e-16 3.000000000000000000e+00
-2.595800757408142090e-01 3.203703334944582289e-16 4.040327835463903379e-16 2.854837516085288913e-15 3.000000000000000000e+00
-1.204213649034500122e-01 7.729928973622954887e-16 1.201142800029604291e-15 1.324698013737931387e-15 3.000000000000000000e+00
-1.506230086088180542e-01 6.216807316098001916e-16 4.796658112446049085e-16 1.061061761762108983e-15 3.000000000000000000e+00
-1.270462870597839355e-01 -3.695461547362867199e-16 -8.844090172057251890e-16 1.693483029961771313e-16 3.000000000000000000e+00
2.649239264428615570e-02 -9.429245943008940194e-16 -4.329590116346838978e-16 1.119740101532048647e-16 3.000000000000000000e+00
2.686505392193794250e-02 -9.464355458672630943e-16 -4.285909686048118778e-16 1.098299977101368195e-16 3.000000000000000000e+00
8.358263224363327026e-02 -2.279689651163646982e-16 9.485696453778703040e-16 -8.202072020565198338e-16 3.000000000000000000e+00
8.450847864151000977e-02 -2.009221972589100239e-16 9.483719690638048316e-16 -8.268420640719219717e-16 3.000000000000000000e+00
6.162743642926216125e-02 -1.143356835939376634e-16 6.345081985630193159e-16 -5.204750645499290479e-16 3.000000000000000000e+00
6.067423895001411438e-02 -7.552735504408867630e-16 7.023490790118659590e-16 -2.096927734414750751e-16 3.000000000000000000e+00
5.787524580955505371e-02 -7.490898922885751501e-16 6.758587059216389532e-16 -1.881490198236539799e-16 3.000000000000000000e+00
-2.307027392089366913e-02 2.444352955371556475e-17 -4.707421073870440408e-16 -1.007444840898707788e-16 3.000000000000000000e+00
-2.328054048120975494e-02 2.715904769944139718e-17 -4.732013087307192917e-16 -1.000626358022208679e-16 3.000000000000000000e+00
-3.597536124289035797e-03 -2.566649789140174000e-17 -6.764377588202056743e-16 1.128525301440663023e-18 3.000000000000000000e+00
3.246064996346831322e-03 -3.858578387784772053e-16 -8.795064434465765021e-16 -2.264611141213540351e-16 3.000000000000000000e+00
1.149093266576528549e-02 -7.105117237663188378e-16 -7.552333693154513871e-16 -4.415245793742338066e-16 3.000000000000000000e+00
1.350716128945350647e-02 -7.010177549770190124e-16 -3.953818242978453549e-16 -4.449076554353470839e-16 3.000000000000000000e+00
3.340886160731315613e-02 -1.507166221812367190e-16 -2.898396529504976130e-17 -1.124577850800952778e-16 3.000000000000000000e+00
-3.937896341085433960e-03 -3.520235312168778054e-16 -1.872721289650089655e-16 -5.147742234493585118e-18 3.000000000000000000e+00
8.395447395741939545e-03 -4.658061651619849647e-18 -1.800587169768525387e-16 -2.158706214771641155e-16 3.000000000000000000e+00
8.395447395741939545e-03 -4.658061651619849647e-18 -1.800587169768525387e-16 -2.158706214771641155e-16 3.000000000000000000e+00
-3.182120621204376221e-03 -1.752969095056256758e-16 -1.241003852890036445e-16 8.191444495044984419e-19 3.000000000000000000e+00
-2.356792055070400238e-02 3.890625482297444481e-17 -7.443662674744237350e-17 1.858091310115333778e-16 3.000000000000000000e+00
4.003828763961791992e-02 -4.161144975465561546e-17 2.643975757767264099e-16 -2.926796088388534728e-16 3.000000000000000000e+00
4.003828763961791992e-02 -4.161144975465561546e-17 2.643975757767264099e-16 -2.926796088388534728e-16 3.000000000000000000e+00
1.681917160749435425e-02 1.988251951444145924e-16 -7.051928465484844631e-17 -3.956915207191852085e-16 3.000000000000000000e+00
-1.090361364185810089e-02 -1.044386065310835962e-16 -8.156960369283414386e-17 -1.767111236552953361e-16 3.000000000000000000e+00
1.310188905335962772e-03 2.571055750129325451e-16 -1.235545949772289058e-17 2.826732115862443974e-16 3.000000000000000000e+00
-1.065188669599592686e-03 -8.821748883980031668e-17 1.862249580141862350e-16 -1.610246425724071303e-16 3.000000000000000000e+00
-1.065188669599592686e-03 -8.821748883980031668e-17 1.862249580141862350e-16 -1.610246425724071303e-16 3.000000000000000000e+00
6.312056910246610641e-03 -2.300471339826735224e-16 3.317427368106373742e-17 -3.005161723783930476e-16 3.000000000000000000e+00
-3.285365179181098938e-03 -7.413496390421163494e-17 -3.025401840756368000e-17 -2.088901170797230196e-16 3.000000000000000000e+00
-5.135435145348310471e-03 -1.969578845424128856e-16 -1.150080954051595694e-16 -1.259695355406876692e-16 3.000000000000000000e+00
-2.264582690258976072e-07 1.710597595358840468e-17 1.166579435328435354e-17 3.400421211377901688e-18 3.000000000000000000e+00
2.172077984141651541e-07 6.782462469544875102e-18 2.772520485225841655e-17 -1.077892852363256215e-17 3.000000000000000000e+00
2.172077984141651541e-07 6.782462469544875102e-18 2.772520485225841655e-17 -1.077892852363256215e-17 3.000000000000000000e+00
-7.976209985827154014e-07 -4.946908985620304146e-18 1.263842226884564284e-18 2.784970091112162881e-18 3.000000000000000000e+00
-7.976209985827154014e-07 -4.946908985620304146e-18 1.263842226884564284e-18 2.784970091112162881e-18 3.000000000000000000e+00
1.619523686713364441e-06 -1.008678762762065391e-17 -6.876217188123166641e-18 -4.764741067269282244e-18 3.000000000000000000e+00
-4.313452791393501684e-06 1.134618086358060173e-17 -4.183666952875787851e-18 4.913198066936318056e-18 3.000000000000000000e+00
-4.313400950195500627e-06 1.134601542745809113e-17 -4.183306302128714731e-18 4.913038007487789045e-18 3.000000000000000000e+00
9.502787179371807724e-07 -3.043314933229571346e-18 6.628815738714681594e-18 -2.942627407142319743e-18 3.000000000000000000e+00
9.505134812570759095e-07 -3.043932423556842181e-18 6.629043626973439953e-18 -2.942894793275327510e-18 3.000000000000000000e+00
-6.708949058520374820e-07 1.391327054737053143e-17 1.577875762971186508e-18 -1.639005775086865965e-17 3.000000000000000000e+00
1.180303229375567753e-06 -1.911152415237936091e-18 3.692753870889348369e-18 7.760111371424361276e-18 3.000000000000000000e+00
