2.210390940308570862e-02 1.000000000000000000e+00
-1.541995559819042683e-03 1.000000000000000000e+00
-9.902963414788246155e-03 1.000000000000000000e+00
-7.850635796785354614e-02 1.000000000000000000e+00
-6.949575245380401611e-02 1.000000000000000000e+00
-6.807524710893630981e-02 1.000000000000000000e+00
-8.374468982219696045e-02 1.000000000000000000e+00
-8.185663819313049316e-02 1.000000000000000000e+00
-8.295065909624099731e-02 1.000000000000000000e+00
-4.244933649897575378e-02 1.000000000000000000e+00
-1.161231175065040588e-01 1.000000000000000000e+00
-2.963921129703521729e-01 1.000000000000000000e+00
-2.969040572643280029e-01 1.000000000000000000e+00
-2.997530996799468994e-01 1.000000000000000000e+00
-2.991573512554168701e-01 1.000000000000000000e+00
-2.906581759452819824e-01 1.000000000000000000e+00
-1.882603019475936890e-01 1.000000000000000000e+00
3.218668326735496521e-02 1.000000000000000000e+00
2.681632153689861298e-02 1.000000000000000000e+00
-7.836595177650451660e-03 1.000000000000000000e+00
-7.415623869746923447e-03 1.000000000000000000e+00
4.604445770382881165e-03 1.000000000000000000e+00
4.688024055212736130e-03 1.000000000000000000e+00
-1.639942266047000885e-02 1.000000000000000000e+00
-5.443894490599632263e-02 1.000000000000000000e+00
-8.290524035692214966e-02 1.000000000000000000e+00
-4.202303290367126465e-02 1.000000000000000000e+00
-1.212595179677009583e-01 1.000000000000000000e+00
-3.009092509746551514e-01 1.000000000000000000e+00
-2.818255126476287842e-01 1.000000000000000000e+00
-2.670422494411468506e-01 1.000000000000000000e+00
-2.645143568515777588e-01 1.000000000000000000e+00
-2.685244083404541016e-01 1.000000000000000000e+00
-2.818370163440704346e-01 1.000000000000000000e+00
-2.234852910041809082e-01 1.000000000000000000e+00
1.416285894811153412e-02 2.000000000000000000e+00
2.278532367199659348e-03 2.000000000000000000e+00
-1.500653475522994995e-02 2.000000000000000000e+00
-7.787357270717620850e-02 2.000000000000000000e+00
-6.216922029852867126e-02 2.000000000000000000e+00
-4.090000316500663757e-02 2.000000000000000000e+00
-3.993516415357589722e-02 2.000000000000000000e+00
-6.295628845691680908e-02 2.000000000000000000e+00
-7.122497260570526123e-02 2.000000000000000000e+00
-7.960551232099533081e-02 2.000000000000000000e+00
-2.836992740631103516e-01 2.000000000000000000e+00
-2.678172290325164795e-01 2.000000000000000000e+00
-2.771830260753631592e-01 2.000000000000000000e+00
-2.831359207630157471e-01 2.000000000000000000e+00
-2.868680059909820557e-01 2.000000000000000000e+00
1.985511742532253265e-02 2.000000000000000000e+00
1.391123607754707336e-02 2.000000000000000000e+00
-1.714021898806095123e-02 2.000000000000000000e+00
-5.323329567909240723e-02 2.000000000000000000e+00
-6.162413582205772400e-02 2.000000000000000000e+00
-6.894249469041824341e-02 2.000000000000000000e+00
-7.437639683485031128e-02 2.000000000000000000e+00
-7.744619995355606079e-02 2.000000000000000000e+00
-7.681673765182495117e-02 2.000000000000000000e+00
-5.280695855617523193e-03 2.000000000000000000e+00
-4.840711876749992371e-02 2.000000000000000000e+00
-2.064494937658309937e-01 2.000000000000000000e+00
-2.226892262697219849e-01 2.000000000000000000e+00
-2.383600175380706787e-01 2.000000000000000000e+00
-2.423640638589859009e-01 2.000000000000000000e+00
-2.469406723976135254e-01 2.000000000000000000e+00
-2.525351345539093018e-01 2.000000000000000000e+00
-2.276771813631057739e-01 2.000000000000000000e+00
2.466632612049579620e-02 2.000000000000000000e+00
2.201145701110363007e-02 2.000000000000000000e+00
-1.026330236345529556e-02 2.000000000000000000e+00
-1.002436876296997070e-02 2.000000000000000000e+00
-1.230684295296669006e-02 2.000000000000000000e+00
-7.245723903179168701e-02 2.000000000000000000e+00
-7.237017899751663208e-02 2.000000000000000000e+00
-6.266431510448455811e-02 2.000000000000000000e+00
-3.883287310600280762e-02 2.000000000000000000e+00
-1.591003127396106720e-02 2.000000000000000000e+00
6.921640783548355103e-02 2.000000000000000000e+00
-8.802863769233226776e-03 2.000000000000000000e+00
-1.944128125905990601e-01 2.000000000000000000e+00
-2.187792211771011353e-01 2.000000000000000000e+00
-2.285670042037963867e-01 2.000000000000000000e+00
-2.453559041023254395e-01 2.000000000000000000e+00
-2.585461437702178955e-01 2.000000000000000000e+00
-2.711137533187866211e-01 2.000000000000000000e+00
-2.277730554342269897e-01 2.000000000000000000e+00
