-3.339548400000000000e+07 4.955351000000000000e+06 1.000000000000000000e+00
-3.340721400000000000e+07 4.957060500000000000e+06 1.000000000000000000e+00
-3.340672200000000000e+07 4.956957000000000000e+06 1.000000000000000000e+00
-3.338163800000000000e+07 4.953203500000000000e+06 1.000000000000000000e+00
-3.336955800000000000e+07 4.951411000000000000e+06 1.000000000000000000e+00
-3.336918800000000000e+07 4.951356000000000000e+06 1.000000000000000000e+00
-3.337594800000000000e+07 4.952359000000000000e+06 1.000000000000000000e+00
-3.337983000000000000e+07 4.952935000000000000e+06 1.000000000000000000e+00
-3.337909400000000000e+07 4.952826500000000000e+06 1.000000000000000000e+00
-3.337295200000000000e+07 4.951885500000000000e+06 1.000000000000000000e+00
-3.336793400000000000e+07 4.951110000000000000e+06 1.000000000000000000e+00
-3.336994000000000000e+07 4.951377000000000000e+06 1.000000000000000000e+00
-3.336993800000000000e+07 4.951376500000000000e+06 1.000000000000000000e+00
-3.336858800000000000e+07 4.951176000000000000e+06 1.000000000000000000e+00
-3.336640600000000000e+07 4.950852500000000000e+06 1.000000000000000000e+00
-3.336394000000000000e+07 4.950486000000000000e+06 1.000000000000000000e+00
-3.335980800000000000e+07 4.949842000000000000e+06 1.000000000000000000e+00
-3.344295800000000000e+07 4.962393500000000000e+06 1.000000000000000000e+00
-3.344473800000000000e+07 4.962627000000000000e+06 1.000000000000000000e+00
-3.342918400000000000e+07 4.960289000000000000e+06 1.000000000000000000e+00
-3.341809200000000000e+07 4.958611500000000000e+06 1.000000000000000000e+00
-3.340885200000000000e+07 4.957240500000000000e+06 1.000000000000000000e+00
-3.340211000000000000e+07 4.956240500000000000e+06 1.000000000000000000e+00
-3.339495000000000000e+07 4.955178500000000000e+06 1.000000000000000000e+00
-3.338713800000000000e+07 4.954019000000000000e+06 1.000000000000000000e+00
-3.337801200000000000e+07 4.952665000000000000e+06 1.000000000000000000e+00
-3.336135800000000000e+07 4.950163000000000000e+06 1.000000000000000000e+00
-3.336319400000000000e+07 4.950405500000000000e+06 1.000000000000000000e+00
-3.336873200000000000e+07 4.951197000000000000e+06 1.000000000000000000e+00
-3.337287800000000000e+07 4.951812500000000000e+06 1.000000000000000000e+00
-3.337464600000000000e+07 4.952074500000000000e+06 1.000000000000000000e+00
-3.337490400000000000e+07 4.952113000000000000e+06 1.000000000000000000e+00
-3.337447200000000000e+07 4.952048500000000000e+06 1.000000000000000000e+00
-3.337286800000000000e+07 4.951810500000000000e+06 1.000000000000000000e+00
-3.336507800000000000e+07 4.950624000000000000e+06 1.000000000000000000e+00
-3.340843400000000000e+07 4.957269500000000000e+06 2.000000000000000000e+00
-3.340023800000000000e+07 4.956022000000000000e+06 2.000000000000000000e+00
-3.339029600000000000e+07 4.954518000000000000e+06 2.000000000000000000e+00
-3.337732600000000000e+07 4.952561000000000000e+06 2.000000000000000000e+00
-3.338399600000000000e+07 4.953551000000000000e+06 2.000000000000000000e+00
-3.338808200000000000e+07 4.954157000000000000e+06 2.000000000000000000e+00
-3.338841400000000000e+07 4.954206500000000000e+06 2.000000000000000000e+00
-3.338360800000000000e+07 4.953493500000000000e+06 2.000000000000000000e+00
-3.338119200000000000e+07 4.953134500000000000e+06 2.000000000000000000e+00
-3.337808800000000000e+07 4.952614000000000000e+06 2.000000000000000000e+00
-3.337264800000000000e+07 4.951777500000000000e+06 2.000000000000000000e+00
-3.337454600000000000e+07 4.952059000000000000e+06 2.000000000000000000e+00
-3.337349600000000000e+07 4.951903000000000000e+06 2.000000000000000000e+00
-3.337273000000000000e+07 4.951789500000000000e+06 2.000000000000000000e+00
-3.337220600000000000e+07 4.951712000000000000e+06 2.000000000000000000e+00
-3.339035400000000000e+07 4.954590000000000000e+06 2.000000000000000000e+00
-3.339094000000000000e+07 4.954642500000000000e+06 2.000000000000000000e+00
-3.338736600000000000e+07 4.954083500000000000e+06 2.000000000000000000e+00
-3.338780800000000000e+07 4.954119000000000000e+06 2.000000000000000000e+00
-3.338612400000000000e+07 4.953869000000000000e+06 2.000000000000000000e+00
-3.338438200000000000e+07 4.953610500000000000e+06 2.000000000000000000e+00
-3.338300600000000000e+07 4.953406500000000000e+06 2.000000000000000000e+00
-3.338200600000000000e+07 4.953258000000000000e+06 2.000000000000000000e+00
-3.338212000000000000e+07 4.953275000000000000e+06 2.000000000000000000e+00
-3.338161600000000000e+07 4.953171000000000000e+06 2.000000000000000000e+00
-3.338107400000000000e+07 4.953059500000000000e+06 2.000000000000000000e+00
-3.337977800000000000e+07 4.952836500000000000e+06 2.000000000000000000e+00
-3.337853800000000000e+07 4.952652000000000000e+06 2.000000000000000000e+00
-3.337728600000000000e+07 4.952466500000000000e+06 2.000000000000000000e+00
-3.337693800000000000e+07 4.952415000000000000e+06 2.000000000000000000e+00
-3.337655200000000000e+07 4.952357500000000000e+06 2.000000000000000000e+00
-3.337606800000000000e+07 4.952285500000000000e+06 2.000000000000000000e+00
-3.337500000000000000e+07 4.952096500000000000e+06 2.000000000000000000e+00
-3.343748800000000000e+07 4.961577500000000000e+06 2.000000000000000000e+00
-3.344574000000000000e+07 4.962773000000000000e+06 2.000000000000000000e+00
-3.342548800000000000e+07 4.959738000000000000e+06 2.000000000000000000e+00
-3.341123000000000000e+07 4.957622500000000000e+06 2.000000000000000000e+00
-3.339231400000000000e+07 4.954785000000000000e+06 2.000000000000000000e+00
-3.337846000000000000e+07 4.952729500000000000e+06 2.000000000000000000e+00
-3.337322800000000000e+07 4.951953000000000000e+06 2.000000000000000000e+00
-3.338195000000000000e+07 4.953247000000000000e+06 2.000000000000000000e+00
-3.338725800000000000e+07 4.954034500000000000e+06 2.000000000000000000e+00
-3.339131000000000000e+07 4.954635500000000000e+06 2.000000000000000000e+00
-3.339243000000000000e+07 4.954771000000000000e+06 2.000000000000000000e+00
-3.338720200000000000e+07 4.953966000000000000e+06 2.000000000000000000e+00
-3.338063000000000000e+07 4.952960500000000000e+06 2.000000000000000000e+00
-3.337878400000000000e+07 4.952686500000000000e+06 2.000000000000000000e+00
-3.337803400000000000e+07 4.952575000000000000e+06 2.000000000000000000e+00
-3.337660800000000000e+07 4.952364000000000000e+06 2.000000000000000000e+00
-3.337546000000000000e+07 4.952193500000000000e+06 2.000000000000000000e+00
-3.337418800000000000e+07 4.952004500000000000e+06 2.000000000000000000e+00
-3.337216400000000000e+07 4.951673500000000000e+06 2.000000000000000000e+00
