-0.0758845363817321	-0.1751672140154	0.0907302525498786	0.0219428056052681	0.117037602647235	1
-0.0765275906299938	-0.192102204889988	0.116777246859559	0.0447259911304178	0.0889159802343174	1
-0.0714634631230625	-0.182290353697015	0.0962643701694424	0.0342281929130214	0.102393369448196	1
-0.0150484756451455	-0.14665787689825	0.260384204034494	0.0272282315177141	0.165186107209665	1
-0.0356625888704481	-0.190056465037773	0.20221956662717	0.0692986864927469	0.269489961317895	1
-0.0362898648204853	-0.190150666056902	0.200129094558876	0.0690722637530984	0.26869769380001	1
-0.0225542355713136	-0.167977598519999	0.244635866035766	0.0488721751167423	0.235044667916096	1
-0.0171480748570001	-0.151401759811166	0.259683377158786	0.0323231855246112	0.187812684349196	1
-0.017113092831202	-0.155304087413264	0.255894640010604	0.0363611407475755	0.200149029442238	1
-0.0631897681346849	-0.184923674816557	0.128439216079553	0.0393872667657469	0.124169405529478	1
-0.0950365587150456	-0.206863148986958	0.111451341204483	0.0446797755160421	0.0762069672592901	1
-0.953177387868199	-0.244890009067949	0.187646274816859	-0.0248363031595599	0.131101184936425	1
-0.954880378460385	-0.244186995374292	0.187454487076713	-0.0246173666678666	0.131349124245509	1
-0.911763819597734	-0.267020766513314	0.189663448049493	-0.0356561911383687	0.13056774866998	1
-0.8363444354725	-0.296905011377456	0.190871422101122	-0.0500283645392438	0.127225175660905	1
-0.743552334819305	-0.320427939498154	0.188930659119596	-0.0611799780417976	0.120317651191992	1
-0.110901586301328	-0.220807290032721	0.137730288555154	0.0646116336641072	0.03749199985844	1
-0.0783898461194082	-0.193563968538604	0.121269338013749	0.047033499509155	0.0833068041327305	1
-0.0780652371011094	-0.187728875038418	0.108860309689501	0.0368254853030078	0.0989670507493424	1
-0.0751761506452198	-0.185825550958056	0.107516932756153	0.0374369133133342	0.0894827855934197	1
-0.072287523583254	-0.197679062685395	0.133270844744518	0.0561303102119131	0.0803344825396277	1
-0.0731980436748402	-0.211334309057105	0.140020655908995	0.0634943477224803	0.0629235744601987	1
-0.0596575854290216	-0.192065389533654	0.164314048604537	0.0480093869273837	0.0319315767384746	1
-0.0380133681902984	-0.160607560847456	0.206642160673377	0.0257595320731813	0.0294300079399149	1
-0.0174533179024112	-0.13514963100833	0.253348881198254	0.0105999563110843	0.0865408694115814	1
-0.0190463992453058	-0.156625852794486	0.255559725073197	0.0372649341654081	0.208959667500506	1
-0.0763760848423534	-0.210132141937487	0.147235615856093	0.0731740927362672	0.0693412809136674	1
-0.113828254157437	-0.217692873489034	0.135361242936143	0.0593813455012833	0.0435860955642686	1
-0.921250810074078	-0.2635195914473	0.1892713947916	-0.033791743003134	0.131299626832413	1
-1.0312708103644	-0.187785645542187	0.17951379161727	0.00363859802664891	0.129059409259769	1
-1.06070748593117	-0.151839277954099	0.172943432311798	0.0217200360150203	0.125084002768951	1
-1.06420988695291	-0.146272390253106	0.171850842376579	0.0245465919340164	0.124355269140563	1
-1.05660605224673	-0.156562500279369	0.17382452422614	0.0195041265397974	0.125430571727755	1
-1.02887326251259	-0.189556301471583	0.179797469570617	0.00275378826031392	0.129034467692874	1
-0.101346609764727	-0.206628258848036	0.10426058567788	0.0324170020010881	0.0894793800570393	1
-0.0673228832621021	-0.142273517650835	0.0535072371531724	-0.00386259213622613	0.137186525717911	2
-0.0694242670295938	-0.156451759273386	0.0691895051950693	0.00434741754002695	0.128574609812646	2
-0.0560631700556401	-0.123998651898539	0.0461289710072273	-0.0288144886868712	0.149182476879136	2
-0.0126131966867462	-0.127807224952478	0.276005072815324	0.00541317050022304	0.177902729421811	2
-0.0107531466662236	-0.111087288509836	0.278473784063135	-0.0113907927498308	0.0964915586177009	2
-0.0145661047148832	-0.105941666975543	0.265214526928531	-0.0199055889172456	0.0419889880972047	2
-0.0152765369355511	-0.108611917693789	0.262664099764664	-0.0177316328109685	0.0410756825482923	2
-0.00959212685366491	-0.108454342125567	0.28081796839298	-0.0139798088169073	0.0981137782289197	2
-0.00976725621867536	-0.113716898565251	0.283055518556587	-0.00797977707691872	0.129624266802215	2
-0.125188746043869	-0.148330414142966	0.0497088233696296	-0.00994464958998096	0.159648122912811	2
-1.03397990727814	-0.184871566954674	0.178484783929199	0.00416923130005262	0.129826549802106	2
-1.06690014142939	-0.146493152465475	0.171810678597355	0.0237101947754893	0.125501030218944	2
-1.05010768961355	-0.168523951067595	0.175899691918907	0.0126022008202998	0.128145510571297	2
-1.03568232644235	-0.183435524317103	0.178302632823214	0.00496584661171209	0.12970958359836	2
-1.02384439216821	-0.194926087534698	0.180263955075495	-0.000612386080202094	0.130515059390856	2
-0.0705073477451829	-0.163906977719534	0.0855947339396821	0.02151954849374	0.107680291028637	2
-0.0609662745280479	-0.117244683157909	0.0177987922142303	-0.0327026975434476	0.167315312812793	2
-0.0606780448767056	-0.134158573265638	0.0352744795054524	-0.0139072687914656	0.179219644564521	2
-0.0201696741681967	-0.142313552692298	0.246546363618475	0.0176125227809013	0.0860602153789151	2
-0.0185063686949482	-0.143300285685237	0.251402608443924	0.0207492939021251	0.108433888135848	2
-0.0163685069710919	-0.141397136171837	0.258528727683253	0.0203590650882259	0.127235026666496	2
-0.0171766002840997	-0.148099987381841	0.256383490806118	0.0283333901684638	0.151649495514628	2
-0.0175670725611135	-0.149595160419626	0.257794802305457	0.0303718582415755	0.164041824529493	2
-0.0161833238352898	-0.146471401088832	0.260007534527293	0.0268658610016046	0.159445358724502	2
-0.06174302575383	-0.143456627929208	0.0920927091496379	-0.000805347715693288	0.137462305147965	2
-0.0503731683038502	-0.1381092922042	0.0193001779167185	-0.0238333059082558	0.181408814654204	2
-1.07479777904411	-0.0469609341191069	0.147821056347062	0.0747243644307856	0.105022924542488	2
-1.08042658001147	-0.0717964392270443	0.154626977214595	0.0621731315670207	0.110748405433339	2
-1.08021374702427	-0.0975560423856289	0.161049069255651	0.0491504938385774	0.116021826842516	2
-1.07845915273597	-0.105059975533103	0.16282314439619	0.0454005582015735	0.117340744247467	2
-1.07793473606802	-0.112264719266526	0.164552819997006	0.0417079692318504	0.118863877314355	2
-1.0747247718804	-0.122497734788868	0.166771511928127	0.0365397940025718	0.120606568786061	2
-0.131450309357718	-0.11017342161524	0.0223705932465325	-0.0119035290253972	0.160684424550608	2
-0.0691824212883804	-0.146622014315491	0.0552380496944139	-0.0040843487715304	0.140855305999939	2
-0.0696966800847788	-0.15756618481041	0.0756219075678172	0.0146705050661519	0.114293703290318	2
-0.0685213044670352	-0.156309835735143	0.0743974546720585	0.00845140023785088	0.117572751400322	2
-0.0629471483961618	-0.154615667913694	0.0747154492455138	0.00862346344193645	0.115864145875485	2
-0.0190076015339979	-0.100121075303843	0.243300944680017	-0.0318170224738125	-0.00844724785972208	2
-0.00523669421414884	-0.107783650282983	0.285763507352952	-0.0148536934454808	0.149316872557735	2
-0.0167355287742462	-0.134689684402345	0.260280219067616	0.00965490510509066	0.20313410159354	2
-0.00248860166187341	-0.0922707355262673	0.290300293836656	-0.0305712500502475	0.100143274730335	2
-0.00705197942235258	-0.0875249631081524	0.275331485835481	-0.0385911478565782	0.0334833045940568	2
-0.0156720047657575	-0.0921768105919683	0.251880899240155	-0.0383103047611867	-0.00660115098773929	2
-0.050453185645451	-0.114658563858713	0.0249771057418137	-0.0457388182687169	0.15198712944485	2
-0.0768545854926397	-0.091561057076679	0.0016061322528494	-0.033120753409394	0.197558703973604	2
-1.08316940956962	-0.00852264360255551	0.136744854165891	0.0928487230147283	0.0998491979924142	2
-1.09520677864086	-0.0443572757630595	0.146888727291	0.074633447673408	0.109050897445773	2
-1.09649162900721	-0.0603850040915399	0.151085335696158	0.0666110307429405	0.112582906282105	2
-1.09213859720151	-0.090427391400023	0.158424774419583	0.0513610476775777	0.118432950809895	2
-1.08257699202261	-0.115561965122104	0.163803976048474	0.0386424408497226	0.122799069319432	2
-1.06613979721451	-0.143576141972809	0.169609912201778	0.0245523110532676	0.12663035804606	2
-0.0555865336774829	-0.134145693351615	0.0337300351246249	-0.00545376142695281	0.146521858053911	2
