-3.432601317763328552e-02 -5.818672478199005127e-02 -3.714675828814506531e-02 -1.297201514244079590e-01 -1.420353502035140991e-01 -4.334219731390476227e-03 5.275699310004711151e-03 1.000000000000000000e+00
-4.896838590502738953e-02 -4.433086514472961426e-02 1.012850776314735413e-01 -8.167058974504470825e-02 -2.167337387800216675e-01 -2.937133982777595520e-02 4.337495565414428711e-02 1.000000000000000000e+00
-1.043673325330018997e-02 9.303493052721023560e-02 4.823978543281555176e-01 1.771910488605499268e-02 2.784346975386142731e-02 -1.009803637862205505e-01 -5.533419549465179443e-02 1.000000000000000000e+00
1.669083721935749054e-02 1.273194998502731323e-01 4.041839241981506348e-01 4.193457588553428650e-02 1.691079139709472656e-01 -9.162338078022003174e-02 -6.117829680442810059e-02 1.000000000000000000e+00
3.002692759037017822e-02 1.229184567928314209e-01 3.709340393543243408e-01 4.343653842806816101e-02 2.389602065086364746e-01 -7.895062863826751709e-02 -4.608388990163803101e-02 1.000000000000000000e+00
3.349290415644645691e-02 1.033442616462707520e-01 3.517339229583740234e-01 3.439961373805999756e-02 2.391701787710189819e-01 -7.049923390150070190e-02 -3.236661851406097412e-02 1.000000000000000000e+00
3.786044940352439880e-02 6.900124251842498779e-02 2.864019870758056641e-01 1.725690066814422607e-02 1.888394206762313843e-01 -6.101224943995475769e-02 -2.297704666852951050e-02 1.000000000000000000e+00
4.040509089827537537e-02 5.341902002692222595e-02 2.254848778247833252e-01 1.136318501085042953e-02 1.659729629755020142e-01 -5.215562507510185242e-02 -1.954995840787887573e-02 1.000000000000000000e+00
6.479518860578536987e-02 -5.082493275403976440e-02 -6.802357733249664307e-02 -1.344943791627883911e-02 4.543115198612213135e-02 7.115407288074493408e-02 6.399120390415191650e-02 1.000000000000000000e+00
6.396760046482086182e-02 -5.028387904167175293e-02 -6.852420419454574585e-02 -1.260335929691791534e-02 4.581929743289947510e-02 7.087224721908569336e-02 6.243368983268737793e-02 1.000000000000000000e+00
-6.574030220508575439e-02 4.092700779438018799e-02 -3.982561826705932617e-02 6.636768579483032227e-02 3.057753480970859528e-02 -1.904044859111309052e-02 -1.223154664039611816e-01 1.000000000000000000e+00
-8.858542144298553467e-02 -1.350022405385971069e-01 6.801664084196090698e-02 -5.417978763580322266e-02 -9.890950471162796021e-02 2.240120321512222290e-01 3.963179141283035278e-02 1.000000000000000000e+00
-8.049347996711730957e-02 -1.345588713884353638e-01 6.774468719959259033e-02 -5.314845964312553406e-02 -8.454738557338714600e-02 2.238714247941970825e-01 4.413349926471710205e-02 1.000000000000000000e+00
-1.589528471231460571e-01 -1.116416007280349731e-01 5.985935777425765991e-02 -5.482450872659683228e-02 -1.553817093372344971e-01 2.136242091655731201e-01 3.205100446939468384e-02 1.000000000000000000e+00
-1.400461941957473755e-01 -6.781989336013793945e-02 1.989014074206352234e-02 -4.152132943272590637e-02 -1.715869158506393433e-01 1.326612979173660278e-01 3.539022058248519897e-02 1.000000000000000000e+00
-1.670243442058563232e-01 -9.500659257173538208e-02 4.816086590290069580e-02 -5.179312825202941895e-02 -1.619119942188262939e-01 1.947988867759704590e-01 3.544770181179046631e-02 1.000000000000000000e+00
-1.581344306468963623e-01 -1.055578738451004028e-01 6.121004745364189148e-02 -5.320869013667106628e-02 -1.295880228281021118e-01 2.168357819318771362e-01 3.747036680579185486e-02 1.000000000000000000e+00
-4.862096905708312988e-02 -4.708373546600341797e-02 1.942895539104938507e-02 3.221998363733291626e-02 -5.550900101661682129e-02 -1.180977448821067810e-01 2.607663720846176147e-02 1.000000000000000000e+00
-1.465461682528257370e-02 -4.678072035312652588e-02 3.715460374951362610e-02 9.673578664660453796e-03 3.680121898651123047e-02 -3.692806465551257133e-03 8.127355016767978668e-03 1.000000000000000000e+00
-1.458418089896440506e-02 -4.671204090118408203e-02 3.712701424956321716e-02 9.621020406484603882e-03 3.688266873359680176e-02 -3.499348182231187820e-03 8.087764494121074677e-03 2.000000000000000000e+00
-6.532104313373565674e-02 2.091258578002452850e-02 4.920733626931905746e-04 6.133925635367631912e-03 7.157196104526519775e-02 2.992819808423519135e-02 1.957301981747150421e-02 2.000000000000000000e+00
-5.779124796390533447e-02 -3.304386138916015625e-02 3.844719752669334412e-02 5.595422163605690002e-02 2.579756639897823334e-02 4.113749891985207796e-04 6.441263016313314438e-03 2.000000000000000000e+00
-5.779124796390533447e-02 -3.304386138916015625e-02 3.844719752669334412e-02 5.595422163605690002e-02 2.579756639897823334e-02 4.113749891985207796e-04 6.441263016313314438e-03 2.000000000000000000e+00
6.593595724552869797e-03 -2.149512432515621185e-02 5.870497785508632660e-03 -1.086210180073976517e-02 -4.218098148703575134e-02 -3.577552363276481628e-02 1.811070600524544716e-03 2.000000000000000000e+00
-8.963310718536376953e-02 2.447345666587352753e-02 1.200390327721834183e-02 1.919788308441638947e-02 3.578662872314453125e-02 5.227546021342277527e-02 -5.389439873397350311e-03 2.000000000000000000e+00
4.059928283095359802e-02 -2.544427290558815002e-02 7.215509191155433655e-03 -3.215758875012397766e-02 -6.753105670213699341e-03 6.003682035952806473e-03 1.863231766037642956e-03 2.000000000000000000e+00
4.059928283095359802e-02 -2.544427290558815002e-02 7.215509191155433655e-03 -3.215758875012397766e-02 -6.753105670213699341e-03 6.003682035952806473e-03 1.863231766037642956e-03 2.000000000000000000e+00
2.387895435094833374e-01 -1.353097286482807249e-05 -1.775035262107849121e-02 -9.034051746129989624e-02 -3.777625411748886108e-02 1.990513876080513000e-02 2.566275745630264282e-02 2.000000000000000000e+00
2.387895435094833374e-01 -1.353097286482807249e-05 -1.775035262107849121e-02 -9.034051746129989624e-02 -3.777625411748886108e-02 1.990513876080513000e-02 2.566275745630264282e-02 2.000000000000000000e+00
1.143137142062187195e-01 -1.956840232014656067e-02 1.765500754117965698e-02 1.741591095924377441e-02 1.359406299889087677e-02 1.466792076826095581e-02 -2.393992803990840912e-02 2.000000000000000000e+00
1.143137142062187195e-01 -1.956840232014656067e-02 1.765500754117965698e-02 1.741591095924377441e-02 1.359406299889087677e-02 1.466792076826095581e-02 -2.393992803990840912e-02 2.000000000000000000e+00
1.765309572219848633e-01 2.359590306878089905e-02 -2.539294306188821793e-03 -1.865653879940509796e-02 1.586191501701250672e-04 4.993743728846311569e-03 -2.196534909307956696e-02 2.000000000000000000e+00
1.765309572219848633e-01 2.359590306878089905e-02 -2.539294306188821793e-03 -1.865653879940509796e-02 1.586191501701250672e-04 4.993743728846311569e-03 -2.196534909307956696e-02 2.000000000000000000e+00
3.258702158927917480e-01 3.018785454332828522e-02 -6.096488796174526215e-04 6.715553347021341324e-03 7.039682008326053619e-03 5.121201276779174805e-03 -1.886885054409503937e-02 2.000000000000000000e+00
3.258702158927917480e-01 3.018785454332828522e-02 -6.096488796174526215e-04 6.715553347021341324e-03 7.039682008326053619e-03 5.121201276779174805e-03 -1.886885054409503937e-02 2.000000000000000000e+00
1.038589775562286377e-01 -2.553910017013549805e-03 1.236412674188613892e-02 1.518885791301727295e-02 1.326334848999977112e-02 2.677919156849384308e-02 -2.472447417676448822e-02 2.000000000000000000e+00
-2.520372271537780762e-01 -1.108108554035425186e-02 1.354657020419836044e-02 5.853864550590515137e-02 2.756145969033241272e-02 -4.102538898587226868e-02 -8.776294067502021790e-03 2.000000000000000000e+00
8.618231862783432007e-02 8.077859878540039062e-03 4.425649996846914291e-03 1.903955079615116119e-02 1.514212694019079208e-02 -1.566683128476142883e-02 2.407303638756275177e-02 2.000000000000000000e+00
8.618231862783432007e-02 8.077859878540039062e-03 4.425649996846914291e-03 1.903955079615116119e-02 1.514212694019079208e-02 -1.566683128476142883e-02 2.407303638756275177e-02 2.000000000000000000e+00
-6.487438082695007324e-01 -7.980326190590858459e-04 5.786775727756321430e-04 1.221151743084192276e-02 2.616316545754671097e-03 -2.296788385137915611e-03 1.141406944952905178e-03 2.000000000000000000e+00
-5.625418424606323242e-01 -2.538324333727359772e-03 -3.186129964888095856e-03 -1.544469315558671951e-02 -2.522491384297609329e-03 -2.895229961723089218e-03 -1.637025154195725918e-03 2.000000000000000000e+00
-6.237526535987854004e-01 -7.706141914241015911e-04 6.539562600664794445e-04 3.312551882117986679e-03 8.146362379193305969e-04 -5.777755868621170521e-04 -8.358518825843930244e-04 2.000000000000000000e+00
-6.790086030960083008e-01 -4.947604793414939195e-06 1.919336000355542637e-06 -1.834758791119384114e-06 1.099816245186957531e-06 1.586158759891986847e-05 -1.698556116025429219e-05 2.000000000000000000e+00
7.068986892700195312e-01 1.825759028406537254e-07 -4.630395977756052162e-08 -2.204238391811941256e-08 -4.765656314020816353e-08 -2.314474443210201571e-07 4.309549410663748858e-07 3.000000000000000000e+00
-7.067617774009704590e-01 -2.914707537826632944e-12 7.290407427057443712e-13 3.718886635271922980e-13 7.653512697734787817e-13 3.590455406946024830e-12 -6.832011519020131374e-12 3.000000000000000000e+00
4.446904733777046204e-02 -1.440823689707654200e-15 1.709946809357553148e-15 4.292399281913066803e-16 -1.312180296145611319e-16 2.656758226095160338e-15 -4.222854806449054949e-15 3.000000000000000000e+00
3.940957412123680115e-02 6.663304852375345321e-16 1.115672305212198675e-15 1.601782448998632707e-16 -6.629871403156034019e-16 2.424323273146952441e-17 7.356698199096332359e-16 3.000000000000000000e+00
-2.595800757408142090e-01 3.203703334944582289e-16 4.040327835463903379e-16 2.854837516085288913e-15 4.165126493538799787e-16 -7.432521412160985122e-16 3.101337285686531957e-16 3.000000000000000000e+00
-1.204213649034500122e-01 7.729928973622954887e-16 1.201142800029604291e-15 1.324698013737931387e-15 -1.763442525100158173e-16 -7.284861334839695148e-16 3.714572198839700317e-16 3.000000000000000000e+00
-1.506230086088180542e-01 6.216807316098001916e-16 4.796658112446049085e-16 1.061061761762108983e-15 2.081199986945463500e-17 -8.647412827473947589e-16 3.010865431892504121e-16 3.000000000000000000e+00
-1.270462870597839355e-01 -3.695461547362867199e-16 -8.844090172057251890e-16 1.693483029961771313e-16 4.849399677698022163e-16 -1.808480987441343432e-16 -9.277149530626405821e-16 3.000000000000000000e+00
2.649239264428615570e-02 -9.429245943008940194e-16 -4.329590116346838978e-16 1.119740101532048647e-16 -2.044500762493343840e-16 8.211719196438832784e-16 -8.277511421825626495e-16 3.000000000000000000e+00
2.686505392193794250e-02 -9.464355458672630943e-16 -4.285909686048118778e-16 1.098299977101368195e-16 -2.050311276162610332e-16 8.293440935189927681e-16 -8.360879051472354904e-16 3.000000000000000000e+00
8.358263224363327026e-02 -2.279689651163646982e-16 9.485696453778703040e-16 -8.202072020565198338e-16 -1.243905073083280432e-16 1.436362896570057834e-15 -1.599242779524968298e-15 3.000000000000000000e+00
8.450847864151000977e-02 -2.009221972589100239e-16 9.483719690638048316e-16 -8.268420640719219717e-16 -1.330465090498871494e-16 1.443447162503537582e-15 -1.604882642525142650e-15 3.000000000000000000e+00
6.162743642926216125e-02 -1.143356835939376634e-16 6.345081985630193159e-16 -5.204750645499290479e-16 -1.371848473323756439e-16 1.088709446556081380e-15 -1.164960834775571191e-15 3.000000000000000000e+00
6.067423895001411438e-02 -7.552735504408867630e-16 7.023490790118659590e-16 -2.096927734414750751e-16 -1.086989241754216103e-16 1.476323158164437148e-15 -1.448585687878055795e-15 3.000000000000000000e+00
5.787524580955505371e-02 -7.490898922885751501e-16 6.758587059216389532e-16 -1.881490198236539799e-16 -1.018312075088633449e-16 1.426709367949318980e-15 -1.395360996208792545e-15 3.000000000000000000e+00
-2.307027392089366913e-02 2.444352955371556475e-17 -4.707421073870440408e-16 -1.007444840898707788e-16 -3.242744539321411085e-17 -3.260653065757633138e-16 4.506382568399960528e-16 3.000000000000000000e+00
-2.328054048120975494e-02 2.715904769944139718e-17 -4.732013087307192917e-16 -1.000626358022208679e-16 -3.205852614873791072e-17 -3.312447012899865468e-16 4.557054196887080910e-16 3.000000000000000000e+00
-3.597536124289035797e-03 -2.566649789140174000e-17 -6.764377588202056743e-16 1.128525301440663023e-18 3.039484557597858794e-16 -3.262826234662932453e-16 1.360473482586621228e-16 3.000000000000000000e+00
3.246064996346831322e-03 -3.858578387784772053e-16 -8.795064434465765021e-16 -2.264611141213540351e-16 3.489795595022418670e-16 3.009202004767884484e-18 -2.841765097791635686e-16 3.000000000000000000e+00
1.149093266576528549e-02 -7.105117237663188378e-16 -7.552333693154513871e-16 -4.415245793742338066e-16 2.495601261094524325e-16 4.625780862040518738e-16 -7.399923878581495407e-16 3.000000000000000000e+00
1.350716128945350647e-02 -7.010177549770190124e-16 -3.953818242978453549e-16 -4.449076554353470839e-16 8.730059552673223784e-17 6.412162759887997474e-16 -8.178081400520996382e-16 3.000000000000000000e+00
3.340886160731315613e-02 -1.507166221812367190e-16 -2.898396529504976130e-17 -1.124577850800952778e-16 1.573467064014207506e-16 2.601310972911861008e-16 -5.437391950231828305e-16 3.000000000000000000e+00
-3.937896341085433960e-03 -3.520235312168778054e-16 -1.872721289650089655e-16 -5.147742234493585118e-18 -7.132041404118972893e-18 2.269383907173522317e-16 -4.328283568025699220e-16 3.000000000000000000e+00
8.395447395741939545e-03 -4.658061651619849647e-18 -1.800587169768525387e-16 -2.158706214771641155e-16 2.548599318510837847e-16 -9.667142690132496928e-17 -1.078775801492707568e-16 3.000000000000000000e+00
8.395447395741939545e-03 -4.658061651619849647e-18 -1.800587169768525387e-16 -2.158706214771641155e-16 2.548599318510837847e-16 -9.667142690132496928e-17 -1.078775801492707568e-16 3.000000000000000000e+00
-3.182120621204376221e-03 -1.752969095056256758e-16 -1.241003852890036445e-16 8.191444495044984419e-19 -9.376644138193264075e-17 8.089051487970770984e-17 -1.707916074336290565e-16 3.000000000000000000e+00
-2.356792055070400238e-02 3.890625482297444481e-17 -7.443662674744237350e-17 1.858091310115333778e-16 1.913422546254638871e-16 1.191813208571631004e-16 -6.593507616985916863e-17 3.000000000000000000e+00
4.003828763961791992e-02 -4.161144975465561546e-17 2.643975757767264099e-16 -2.926796088388534728e-16 -2.534871826111601825e-16 1.193365793494168534e-16 1.067853973382353408e-16 3.000000000000000000e+00
4.003828763961791992e-02 -4.161144975465561546e-17 2.643975757767264099e-16 -2.926796088388534728e-16 -2.534871826111601825e-16 1.193365793494168534e-16 1.067853973382353408e-16 3.000000000000000000e+00
1.681917160749435425e-02 1.988251951444145924e-16 -7.051928465484844631e-17 -3.956915207191852085e-16 -6.897055240873194246e-16 -8.660649305461572134e-16 1.253186410133039826e-15 3.000000000000000000e+00
-1.090361364185810089e-02 -1.044386065310835962e-16 -8.156960369283414386e-17 -1.767111236552953361e-16 2.711133823781505369e-16 -2.279807971078466567e-16 -3.845514228062354555e-16 3.000000000000000000e+00
1.310188905335962772e-03 2.571055750129325451e-16 -1.235545949772289058e-17 2.826732115862443974e-16 -1.581955392936879663e-16 7.629226417663973196e-17 4.867863407761389809e-16 3.000000000000000000e+00
-1.065188669599592686e-03 -8.821748883980031668e-17 1.862249580141862350e-16 -1.610246425724071303e-16 -1.609906024358393481e-16 -1.354422226271877303e-16 -7.132968342713399816e-17 3.000000000000000000e+00
-1.065188669599592686e-03 -8.821748883980031668e-17 1.862249580141862350e-16 -1.610246425724071303e-16 -1.609906024358393481e-16 -1.354422226271877303e-16 -7.132968342713399816e-17 3.000000000000000000e+00
6.312056910246610641e-03 -2.300471339826735224e-16 3.317427368106373742e-17 -3.005161723783930476e-16 -1.688595749117787506e-17 -1.828524599387462859e-17 -2.560692831415261120e-16 3.000000000000000000e+00
-3.285365179181098938e-03 -7.413496390421163494e-17 -3.025401840756368000e-17 -2.088901170797230196e-16 3.460355906149411393e-17 -8.010726086640369815e-17 -9.407065194145004263e-17 3.000000000000000000e+00
-5.135435145348310471e-03 -1.969578845424128856e-16 -1.150080954051595694e-16 -1.259695355406876692e-16 1.945818247764665647e-16 2.733834571465716635e-17 -6.410701098658391772e-16 3.000000000000000000e+00
-2.264582690258976072e-07 1.710597595358840468e-17 1.166579435328435354e-17 3.400421211377901688e-18 2.520496047450889619e-18 -8.077005918454651284e-18 -2.840016768848943607e-17 3.000000000000000000e+00
2.172077984141651541e-07 6.782462469544875102e-18 2.772520485225841655e-17 -1.077892852363256215e-17 7.157058654565026662e-18 -1.606324158598110235e-18 -4.174728852766846111e-18 3.000000000000000000e+00
2.172077984141651541e-07 6.782462469544875102e-18 2.772520485225841655e-17 -1.077892852363256215e-17 7.157058654565026662e-18 -1.606324055200533666e-18 -4.174728852766846111e-18 3.000000000000000000e+00
-7.976209985827154014e-07 -4.946908985620304146e-18 1.263842226884564284e-18 2.784970091112162881e-18 -5.253259874972686987e-18 9.202112172230902937e-18 2.734001082923023560e-18 3.000000000000000000e+00
-7.976209985827154014e-07 -4.946908985620304146e-18 1.263842226884564284e-18 2.784970091112162881e-18 -5.253259874972686987e-18 9.202112172230902937e-18 2.734001082923023560e-18 3.000000000000000000e+00
1.619523686713364441e-06 -1.008678762762065391e-17 -6.876217188123166641e-18 -4.764741067269282244e-18 1.031093951155211100e-17 5.654681940848239511e-18 5.557790553387146891e-18 3.000000000000000000e+00
-4.313452791393501684e-06 1.134618086358060173e-17 -4.183666952875787851e-18 4.913198066936318056e-18 2.395201345706257411e-18 -4.185882969736817413e-18 -9.055995680107085916e-18 3.000000000000000000e+00
-4.313400950195500627e-06 1.134601542745809113e-17 -4.183306302128714731e-18 4.913038007487789045e-18 2.395458392081608264e-18 -4.186028967114933022e-18 -9.056252933277589908e-18 3.000000000000000000e+00
9.502787179371807724e-07 -3.043314933229571346e-18 6.628815738714681594e-18 -2.942627407142319743e-18 4.721282652246971276e-18 -2.679746306545670474e-18 -4.733247406217244545e-18 3.000000000000000000e+00
9.505134812570759095e-07 -3.043932423556842181e-18 6.629043626973439953e-18 -2.942894793275327510e-18 4.721152371300494174e-18 -2.679518418286912115e-18 -4.732754406572162940e-18 3.000000000000000000e+00
-6.708949058520374820e-07 1.391327054737053143e-17 1.577875762971186508e-18 -1.639005775086865965e-17 -2.599546803460438538e-18 -4.644728740916413671e-18 -3.554202772647941340e-18 3.000000000000000000e+00
1.180303229375567753e-06 -1.911152415237936091e-18 3.692753870889348369e-18 7.760111371424361276e-18 2.928991127949229944e-18 -1.199181725196447249e-18 -5.497537476797865525e-18 3.000000000000000000e+00
